4 270 166 44 233 
2 155 143 
1 195 
3 24 45 255 
4 193 128 240 48 
4 222 31 217 73 
5 175 189 140 201 0 
5 34 248 79 215 133 
3 180 149 241 
2 279 23 
4 100 257 121 59 
2 184 150 
2 117 251 
3 299 169 61 
2 93 225 
3 146 21 85 
4 231 69 126 265 
7 280 268 51 210 171 164 207 
5 199 83 50 226 127 
4 254 32 298 197 
2 134 198 
6 90 8 18 103 181 10 
5 77 228 203 11 95 
3 178 287 271 
4 229 182 116 28 
1 145 
4 263 62 284 152 
2 291 110 
1 47 
3 97 249 260 
1 115 
2 72 250 
6 56 192 239 92 67 156 
2 186 105 
2 54 81 
5 211 238 163 202 12 
1 216 
0 
5 108 147 160 276 223 
6 168 235 227 244 219 75 
6 172 9 26 82 14 70 
3 139 1 213 
2 58 101 
4 76 281 162 161 
0 
2 224 141 
2 173 194 
4 267 130 25 63 
3 17 294 296 
4 22 89 111 196 
4 66 120 232 74 
3 252 151 16 
1 38 
4 52 274 5 102 
3 205 258 68 
1 91 
3 86 230 264 
2 283 245 
6 188 158 214 170 104 185 
5 247 30 157 200 123 
2 218 273 
0 
5 183 277 204 131 293 
6 41 132 236 292 135 243 
5 187 124 78 159 138 
2 125 106 
2 176 112 
2 29 154 
6 84 136 144 39 295 259 
1 87 
3 165 261 190 
1 40 
2 209 35 
3 3 208 43 
4 88 269 137 290 
2 275 37 
1 7 
3 99 64 49 
1 118 
1 246 
1 55 
1 286 
2 46 297 
2 167 113 
5 220 6 15 272 288 
0 
3 2 289 94 
2 4 60 
0 
4 266 107 27 80 
2 206 242 
3 191 174 282 
4 122 262 19 142 
2 71 256 
2 53 96 
1 119 
5 57 20 153 13 285 
2 237 98 
4 129 177 212 42 
5 253 278 109 148 114 
