22 7594 8338 2250 9185 7568 906 6095 1175 1374 670 7366 7235 7457 8110 4799 8862 3001 5980 2698 7609 1670 1626 
32 3069 1247 6906 857 6103 9767 5744 8901 4885 8545 6491 1550 3577 516 2012 3361 3587 2211 8535 1683 6094 4645 5379 669 7080 9065 6184 3468 9295 702 499 9824 
23 3564 5915 2253 246 4480 4251 3549 489 4713 5577 8842 4193 217 2507 9024 2426 3014 871 4819 5621 8661 9636 2384 
25 6395 6934 4855 5292 626 7172 619 1455 9707 2613 1164 7307 1945 7021 8685 5670 1093 355 3485 8206 2722 9826 2240 8244 9019 
18 4526 7548 3306 9183 5799 8951 6809 8001 4989 2207 51 5016 9556 6302 1564 216 3688 6735 
27 4806 4323 9401 7076 1740 801 9310 6453 6434 2455 6164 2929 3447 3448 5258 2127 7727 7731 9004 442 3682 7788 7014 8620 581 6647 8088 
22 1984 8865 8896 8250 3340 7955 961 5667 6326 307 9941 5012 4310 2254 1238 3528 1296 477 9102 9152 7713 4352 
29 2210 1491 4393 9857 6374 627 6433 6510 4273 972 2104 9219 7889 9592 5835 7046 4656 6751 5612 6677 5366 3136 5316 4366 4080 1755 2645 3638 1803 
21 9717 8002 6446 112 954 5278 1224 709 6558 1820 6101 6386 2316 4311 3686 9159 8937 6432 7233 2406 9083 
19 3182 5766 8305 7908 3697 3819 2545 9892 1451 4093 9400 1775 4029 7898 4820 2509 9726 3491 180 
24 4699 7370 6532 62 6528 9 6027 1799 9330 9657 4254 3750 8729 4876 4442 825 9741 8167 8441 5815 2021 9943 194 4727 
24 4552 5672 8874 7089 3812 8283 7529 8734 3840 5503 4845 6119 2714 9728 9772 2120 752 7992 6626 1768 3118 8481 3020 8722 
28 5569 2396 4109 9947 8178 265 5511 7207 1161 4550 9993 5252 4201 5041 5873 3021 160 504 4579 241 398 9455 1613 1679 375 7688 5350 8996 
27 4849 4247 8799 2818 4513 2558 2409 3425 2748 7212 6404 5230 111 9674 7879 2778 6961 7297 1299 8011 4333 2473 3905 7775 8566 5557 1695 
32 5060 3707 7819 7305 7138 968 4512 7508 925 2341 8321 2150 8450 1147 7502 2583 1602 9967 775 7876 4683 3289 9140 869 6157 4807 1879 9547 985 76 5064 7468 
30 9005 7327 9611 1501 4300 6652 6804 9595 6706 6149 7489 9623 7841 2312 8018 2978 8705 5349 1556 3898 7048 5551 9935 4752 9030 7789 9402 1206 5332 1067 
26 2746 7975 5110 4839 5924 7849 7353 3290 8938 5427 7666 3970 2064 9172 590 1484 1058 6241 1213 6755 2773 722 864 7280 4438 5295 
25 560 7238 4203 8744 9141 3879 1603 7958 356 6864 176 4061 1769 3476 5913 2629 1831 1024 926 7659 7329 7650 636 7196 5985 
26 5860 4179 459 6364 4581 892 6360 6443 6034 5957 6174 443 4944 7282 2553 7597 5714 4245 5298 3844 9664 2405 2806 5348 3265 2237 
28 6828 3139 407 3058 9165 1011 7637 661 8884 8682 5032 8438 4851 4165 9593 912 2060 5357 5712 5087 1536 850 7989 3433 7815 3334 2981 2573 
29 303 9786 7471 4018 5741 1534 3909 430 37 9415 598 3934 4654 2215 6938 4675 7918 4842 3419 6679 6594 5684 5961 7546 6301 2983 3742 9349 5444 
26 4248 8013 3732 7404 3319 6593 5529 5894 3649 5300 6964 9516 1504 5390 4168 5579 9374 425 397 1239 7143 4476 3027 1016 8793 3362 
24 9371 6705 6598 3416 650 6016 9297 4661 2555 7987 4690 2469 2460 5772 2477 2027 8265 7100 8657 1707 1875 8820 4123 1889 
24 2829 4543 5050 7389 8255 6719 512 7726 9411 5228 3678 7645 6701 2335 7288 8954 916 6859 9615 2136 856 9011 1642 5578 
24 3875 2590 273 9690 1807 5525 9110 1511 1619 9155 3279 6860 8090 9716 1334 8329 2602 5819 1273 4857 5322 8471 8935 7025 
25 2521 6002 8823 6638 9312 3192 7791 9162 8863 6378 6269 7725 3764 5019 7790 2302 6243 8468 5962 5517 2759 8606 995 8878 4411 
41 2658 1196 6956 5568 6182 2960 8400 8957 6568 2432 5189 1621 2605 5723 6353 8847 7214 410 3 9841 5725 255 9976 8969 2969 1448 9089 5918 8384 9170 3273 6087 822 6813 5820 2338 6349 1326 1529 5979 6879 
24 671 4789 4866 4253 8617 8541 168 2727 2868 1595 5170 2756 7638 9481 4647 1794 3599 4087 8355 5829 8614 8526 141 5717 
20 8524 5407 27 1583 9305 7006 3355 5487 3025 5884 1003 8456 8358 5970 1868 5361 3158 5615 7285 507 
32 7616 2833 8802 4816 7384 8273 5901 890 1911 6975 7378 1029 5791 3294 6130 4392 2279 8631 2257 3405 5420 7980 5724 5084 5481 1651 967 4235 620 2954 7997 6913 
20 9074 9969 5874 2996 2479 8686 2020 9643 4907 1271 4685 2943 6070 9909 9582 9619 9977 8153 2589 8394 
20 6196 4038 1265 8368 4170 9566 4578 2024 5595 2366 3762 9688 65 9358 7358 9919 7296 881 9372 9359 
31 4916 4787 997 9560 6246 9383 540 4501 1305 6100 983 8963 8873 6502 3372 3838 1083 1636 5707 5202 4826 8731 7252 816 4004 7478 2461 4507 3277 7383 5649 
26 9224 7030 537 1901 546 7928 7354 200 8496 4610 8407 9034 2229 4363 3113 9630 6531 3792 6342 7157 1034 3534 5898 3566 594 3767 
18 7689 8628 9850 1884 7691 9315 2165 595 6802 889 9447 8943 6752 4322 1262 8475 5229 7962 
24 8621 5013 9974 4919 6890 8613 2219 1398 981 4743 4288 6569 2540 8314 7434 2788 2676 5054 2380 6873 6384 324 3758 7362 
28 6552 7620 9059 374 9725 4226 6257 4638 4549 6821 3452 3974 5807 289 2148 2991 5159 9827 7892 6005 7978 2729 8024 7125 4599 8845 9658 6348 
24 9096 8372 7531 9871 2863 4696 6685 1832 9093 3101 3785 3656 6955 9255 6935 770 2592 8549 9649 5394 9865 643 6560 233 
31 7480 6392 9795 9916 3045 6620 36 7674 4891 4700 8580 7168 2156 1383 7255 1518 3434 3280 7705 9147 2840 2774 1209 320 8999 6245 9403 8038 9613 6499 6463 
20 5822 1592 4902 2188 7974 6083 4047 5685 7670 691 9502 1640 2139 9879 7709 257 9765 3731 8759 6622 
27 2704 771 3436 623 4106 3353 5046 5408 6767 5074 9001 2732 6285 8203 9874 3250 6147 7477 7121 2198 8469 2527 3503 686 5732 4255 7575 
30 8644 1994 9842 8826 7411 1438 6068 7350 7783 2965 3562 3505 4652 1571 3318 2525 6294 1311 6408 2354 7460 8063 435 4931 5250 7198 5000 5168 9735 8071 
27 8920 2945 2367 4211 4930 3807 7039 2901 3011 6659 8832 2745 2543 970 8866 8500 9421 2715 351 2032 5272 5556 7703 9563 5975 9515 6544 
30 7481 3212 4008 8310 7950 9525 9797 4308 5022 9296 7661 1424 9236 565 1446 6535 1773 4355 7340 3680 538 2031 9456 1882 7753 7635 4465 8326 9920 7506 
20 6943 4601 9981 4246 2072 8208 4445 319 423 6187 5297 3456 9382 8643 3506 6899 1712 1814 6427 6596 
31 9343 7178 6926 8776 1222 1494 2571 5267 1141 3417 5890 4394 5439 4994 2440 1236 1639 5224 3307 8556 1300 674 1519 5599 3393 6475 4162 9321 8170 1554 548 
27 6338 8594 8185 7442 2095 2711 4778 5591 7073 6283 4315 3937 9574 9500 6977 8584 4785 9661 959 9119 4220 4768 7671 9478 440 9509 7227 
26 4783 3316 6857 68 8138 1761 5981 8769 1392 3891 8517 8388 6176 9039 2987 3464 9751 6928 2115 8412 2815 7191 1781 6311 3161 4027 
21 5128 4316 4867 6492 2705 9759 1053 5337 3639 1463 139 3621 9777 9006 6466 2769 7375 5661 9507 3173 8622 
20 527 8196 7026 4860 85 4033 2947 3657 8472 2059 718 418 353 4207 4147 9895 2110 1142 1721 1785 
26 7865 5713 3124 2208 2113 791 3672 4456 9242 5521 420 866 7455 8264 7320 3407 805 8536 9448 6611 2128 9784 494 7952 9609 4802 
22 7723 6836 4574 5564 5093 3185 1357 8116 9650 1863 5739 422 4673 9711 2903 6054 9304 4967 2548 2462 3829 1421 
25 806 3628 3366 7394 1242 1883 2437 9712 9752 3837 2186 9906 1869 6661 7364 8343 5787 471 2514 2483 647 377 6480 1356 3341 
25 8834 6457 4377 9766 4075 5854 5315 1172 3140 9041 3816 7205 7946 1183 8616 679 6989 951 7553 1722 9058 6152 9608 935 2147 
19 5948 2169 587 5220 4010 5643 1128 333 5501 3384 1508 187 2088 2202 9770 1056 1947 6072 9914 
19 1465 9905 4643 786 4954 5576 7401 326 8221 9700 2230 8662 2865 6503 9668 1654 14 3850 5140 
27 4634 8439 809 583 3078 100 5227 1725 2494 7770 3763 3711 2752 8528 9015 4449 3049 6376 8307 6304 16 6142 5628 7627 5211 7988 8204 
23 6952 1145 4631 281 2914 3895 7016 7271 4725 1295 2552 2306 3375 4455 7388 664 3213 1298 4668 7763 8437 9997 4175 
30 9730 9388 9473 9768 9633 7870 3798 2397 4156 9612 503 3082 6852 7647 8445 8880 3768 1004 1927 9105 1537 762 5294 3138 7367 5344 3061 8031 6382 4948 
24 2719 896 2924 2446 4908 8961 7704 5310 8045 6918 2221 7079 4769 4777 3826 3013 8182 2428 3453 26 8201 6274 7784 8830 
20 8684 8136 9655 2766 5411 9809 9603 7451 9087 3589 4980 2362 6549 7759 4621 5217 167 6309 8023 9322 
27 5566 4277 3295 2130 9876 2023 7748 2574 7264 6846 5435 803 3845 2730 8595 4938 6554 173 5756 8354 3849 8610 5520 6602 2487 984 9090 
18 2699 4522 5942 9237 6429 8381 1191 4448 3671 1480 6959 2503 1013 8586 9124 2889 1481 813 
21 8005 5165 7578 3514 6599 9837 4993 1801 278 2372 2713 3966 5107 6235 5066 4274 7242 948 6509 262 229 
19 1767 6469 2508 9983 8627 1449 8647 639 9629 2685 3954 2498 6078 9216 6936 4385 9301 9541 7355 
31 4050 3357 5089 9733 2304 5892 1892 6810 6266 5225 2831 3567 201 2209 163 1241 1073 6435 8483 6512 2793 8739 2742 5540 2173 8565 5330 3432 1666 9848 7862 
25 403 4039 4457 4633 7348 4303 7780 3777 6682 8504 1575 8919 5455 1485 976 9445 2050 8387 2726 1891 5174 7706 3779 946 6514 
36 9204 7750 5183 3886 2228 6162 7092 4081 1988 9443 2241 3100 7123 8966 6286 32 4655 254 5831 9764 4063 3949 2849 8529 382 991 7319 4511 1346 4231 7200 807 9569 9985 5513 8730 
25 3683 4969 5673 4055 668 227 1318 8817 3745 4602 2242 855 6406 9082 6065 2796 7589 8904 8095 1094 9760 3722 1113 9072 905 
31 9799 9426 4889 9727 1968 4437 941 5355 7527 7167 4502 8970 5423 5527 2519 9467 2264 9176 2249 5052 3167 9949 4349 6420 3634 2100 1216 8348 8553 3709 6686 
23 3378 7118 8555 9323 1471 3240 4057 6771 133 5993 9278 8233 1749 1005 1409 6132 7850 474 8200 2007 1002 306 218 
32 8850 5163 728 4917 8262 2526 4330 7034 7745 5372 2175 7631 3043 4292 7268 6722 6096 4284 6172 5185 5773 6681 134 9062 272 2370 5380 7757 4829 9109 3594 8356 
22 6806 5304 1163 7395 2419 3463 439 3855 6315 321 949 6058 5483 9194 2596 7919 5648 5284 5531 1623 6618 5553 
24 1293 2137 1151 3747 3392 1352 5651 5838 6081 2194 9441 8141 6895 2192 6877 8081 1074 7352 4510 6988 9048 7347 873 3539 
25 689 5515 9994 3897 2650 9104 1605 8807 8211 3254 5057 3349 3263 6931 745 9957 5417 9673 1839 3935 1646 5232 7174 7450 776 
28 7935 7256 4293 8547 162 2399 149 8543 2357 4036 4888 3753 1809 6791 5665 517 931 4430 7304 7309 2879 6761 9659 9682 6562 8458 7972 2736 
32 4837 779 781 2035 2601 8134 8992 8732 8558 1437 46 3473 6882 1309 9692 6601 710 8172 556 1591 9952 6323 5118 7884 7277 5801 8113 1007 9245 362 3702 9954 
27 9195 433 1714 3083 7765 7905 4737 1467 2934 5153 5154 4537 1960 2624 9230 3629 1858 2167 7051 5430 3347 7497 5124 4475 6904 6222 3614 
21 2665 3876 22 2153 1338 2501 5218 8399 6969 1760 7743 9487 5973 3221 1590 2134 5736 4846 7476 6365 1956 
32 5927 9419 9272 8638 5025 9269 5905 248 1907 1731 1600 2785 7640 4533 2672 1913 330 7591 6953 1599 4326 1987 9130 7136 5960 9903 3181 3430 693 2693 1192 1114 
14 1470 253 1340 9417 5849 3859 4488 7690 4957 1014 4971 8297 71 9803 
31 3573 1207 6366 7405 5175 6675 7215 4791 8930 8364 308 6731 1704 8646 4651 1724 3142 8867 8903 2333 9624 4344 4932 6516 1764 2474 9471 3903 3708 1817 7632 
16 8531 7824 9200 7582 9796 1226 7300 9067 6014 9029 3852 6470 7816 4043 8815 5478 
21 4408 8361 276 3024 5504 3198 3470 4822 4375 1726 987 737 9192 6898 5001 7195 2523 550 4863 7940 7891 
30 6842 5552 4531 8939 3107 1407 9963 1782 8404 6941 5004 8829 9990 9268 9801 5836 7882 6736 708 9057 1486 4761 7337 367 5471 2684 6855 3111 7108 8306 
18 3346 3399 8148 8770 6240 3177 9749 882 286 1514 67 3493 899 3660 1036 9946 1390 5003 
26 5259 1125 8871 9150 3923 7084 3946 2644 6073 24 2861 6940 2899 5454 3953 6727 7996 4198 4984 3571 9829 2376 5608 1286 4868 476 
22 8076 7604 2158 5558 5356 5803 2138 5358 6471 8205 426 4009 1993 8094 7802 4835 1064 6830 1835 4275 1751 2758 
22 1631 3520 7641 3033 4732 6144 649 2450 7423 2404 8177 5943 4280 6141 354 1925 2894 5847 6099 6567 6256 4573 
28 6329 1019 739 8789 4803 7681 6920 9971 7081 1578 9539 7781 4831 6885 1906 2467 2651 9606 4724 3607 424 5327 764 9697 1492 9160 9836 2300 
24 9391 2143 3484 3725 2628 8120 3424 7825 5039 1331 7485 7429 7871 4184 1737 4049 4176 2364 4720 7031 2795 579 3699 8773 
21 4434 9348 1678 2278 6896 3258 4809 4137 1089 5899 6954 9131 4592 1786 6108 1568 1320 5238 9960 4862 1789 
25 9226 618 4383 2971 5086 2301 8861 2985 9386 6990 1790 9820 7544 3482 9731 6118 2098 9908 7800 1049 7957 9686 364 5059 978 
27 8521 4297 3000 2803 3170 1980 4400 8683 3554 3112 8955 1966 5122 7443 302 4728 126 8288 4710 2675 6571 629 6627 8207 4808 9047 2984 
32 6651 8574 5697 2497 1733 7012 5817 5617 1612 1068 7695 5453 6993 3500 6865 3586 5203 8827 3034 528 2908 5279 3730 3975 7210 6630 7053 712 3178 6745 4520 1381 
28 6030 8544 9164 3037 136 529 6111 9088 9012 6862 3880 8457 2741 8309 721 2864 2692 9263 4477 3404 2184 4759 1702 3322 5017 3959 6694 2669 
26 6579 3916 7883 1673 9234 6289 8351 8972 4083 3467 6024 5499 1461 8333 5428 5047 8017 4406 2488 9745 4447 3209 1513 5954 6914 8982 
18 4881 6779 2321 4780 885 7333 5460 8127 9056 6242 3042 3031 4150 8158 8056 9708 6032 609 
23 2884 1497 8093 8779 9846 1938 3435 3821 6985 3165 2961 9458 5005 2850 9834 7472 9205 54 9380 6335 6999 3848 8568 
17 5548 225 5303 9724 7683 3403 1482 2232 4576 5333 1080 6983 5339 327 2334 1819 5561 
20 3155 6126 214 1580 5077 7982 3200 3480 9572 2048 8579 5247 580 4548 8230 7146 4470 5169 742 1269 
35 6703 1505 9490 7984 2871 7417 2385 9499 3189 3572 3939 1292 4194 5445 2421 6498 4115 4243 4817 808 7230 8160 5753 315 369 3794 6056 8947 4072 9756 4000 5794 1582 7720 5679 
28 1391 7117 955 9590 4276 5867 58 1109 4781 1928 9145 3979 9113 3451 484 2443 2518 998 829 1240 1788 7461 205 2844 2706 5197 2977 7122 
23 851 5497 5302 1291 5269 655 2040 6055 7043 1294 6553 1317 7132 2823 7096 2475 1756 5733 8987 33 4154 4321 8047 
29 3622 9075 1692 9420 2816 9450 6439 7002 4935 1826 635 9956 2201 566 3550 2845 8765 6595 8548 6372 8051 5331 2827 3159 8767 8986 7438 5343 8967 
25 1275 221 4847 3817 5510 8607 2919 9080 9486 7532 5663 3605 6728 1661 2126 2666 7247 7686 5912 8525 1280 8508 2735 3964 7153 
30 3474 8096 3706 8692 3067 3987 5783 1332 9469 1611 5451 5666 9218 4565 6866 2855 380 3223 990 5500 8411 7673 6424 6062 9644 8718 613 2486 9483 1555 
18 1188 8125 9173 4562 5219 1256 9043 6069 9314 4577 8825 1365 8902 4877 4281 3990 2768 3870 
32 4399 9327 7755 6971 4564 8669 5746 5081 2355 5902 8151 1245 9235 3226 2456 1050 1302 8876 6468 8501 988 5870 7719 9154 8032 8785 7521 9648 5062 3676 6597 605 
13 4452 4742 508 731 2842 2979 4113 7186 4182 7226 5416 3256 3081 
28 3348 7111 8575 8604 2622 2643 8312 5514 6330 6000 9785 2417 4295 1274 7317 8417 5745 2225 3235 3630 6576 5758 2749 2162 1416 8000 8184 7206 
24 2659 4729 9032 6783 6422 2493 9873 4721 3596 4086 4077 5508 6573 5546 1836 2917 7430 3782 9465 6131 8339 8609 9199 3193 
29 4617 8738 9972 8159 3545 7656 9000 4097 1361 5796 3305 7808 5932 3466 571 5121 3191 9699 8379 3766 1377 2444 2931 6198 9081 6053 1538 3669 384 
23 4296 8228 4346 5543 5251 41 3584 1963 5056 6726 8976 887 9064 7064 944 4298 3941 6250 4704 8464 1703 464 5281 
28 3842 8462 5187 8567 5613 9928 4966 1614 1082 9361 9523 9339 70 5512 413 5235 5706 8263 7584 3992 2008 2315 2782 7535 5639 3887 3809 5296 
26 3851 1179 4382 2403 5808 4485 5369 8612 2771 8714 6551 2377 6967 7044 6337 4441 5370 8922 1415 1432 6901 7115 3445 9184 6889 3321 
29 7116 8569 7538 9938 8796 4790 9521 7171 9342 3326 3645 3085 3440 6746 5601 6663 4001 1904 8451 8082 5816 4973 8121 189 977 3116 5171 7658 350 
21 521 5999 3854 4805 6763 9309 6167 2700 8668 2097 9209 1212 202 1025 1715 3259 4148 6035 5518 7056 5658 
28 5277 2224 7326 6007 4905 8360 1069 7708 5406 5007 5233 8282 7687 2471 9157 5116 9046 7533 7503 6093 7164 9338 7524 8276 8102 7655 6018 2887 
19 891 8143 280 7311 2222 2873 2828 2750 1020 2236 3625 3613 883 9026 3396 6133 2454 6995 2265 
29 8499 8375 2853 5448 2625 6780 6764 4897 373 1890 8039 3301 8495 4637 5598 106 1313 5090 5485 3454 5505 2690 6473 6287 4204 4788 5580 9497 8139 
30 1489 1630 3133 3691 4396 4894 3144 8494 4428 8390 4594 7440 3601 4125 1488 7058 6359 5375 1746 5751 4825 9394 5925 4136 322 6010 4212 3703 680 3608 
28 6115 2390 3153 8629 1202 8140 8695 8635 4738 7618 5775 1576 9543 69 5655 865 2859 7492 7209 2953 9544 7202 6849 4371 5053 2091 1970 1088 
14 5131 3602 6270 9479 8590 843 7864 7494 4722 3788 6412 815 6540 9880 
20 6345 1952 758 1079 6708 6227 5692 6186 125 465 4733 34 4666 1282 6160 1108 4419 2717 5742 1018 
19 4684 9408 4674 9496 2560 1084 9134 9091 4278 8671 8771 5852 2492 2379 393 6616 8949 4329 1844 
28 1312 4185 2149 9212 9632 7185 832 5068 7435 2767 4034 5696 6709 4786 9198 9060 5352 7669 2572 1930 4404 614 4340 7408 4823 2619 388 8433 
29 1158 3418 8746 6029 3444 8427 130 5863 616 3648 7562 9617 4734 3532 5002 2226 9742 6897 3426 42 1779 4119 1802 1699 7926 2056 7528 1194 2939 
26 3908 7131 4376 2317 6702 8042 6008 2791 1696 9719 5452 1223 4425 3488 4131 1539 4505 8699 5095 5793 8962 4071 8391 8948 6322 4005 
17 6789 6743 8890 3110 2280 834 387 2597 5447 1657 2668 8611 3313 5104 7801 1645 2075 
19 9881 8597 554 7493 1881 9142 2511 9898 1413 1195 5581 9790 7923 1119 8104 3917 4854 5498 2418 
17 4740 1547 7003 6713 7234 9531 96 6456 839 1811 5530 6178 2637 4214 7835 8422 2288 
24 2170 2 2904 8434 4864 4398 6656 2522 920 1198 3544 4536 1693 4368 9670 1664 6106 6051 3472 1560 3324 6129 4052 8330 
33 2821 6001 2395 7602 2661 4903 6448 2641 1607 3674 1897 9190 4146 2952 6339 5199 6237 5882 1500 402 3012 6393 5314 1843 2702 4850 1362 4965 8805 938 6582 1474 576 
28 4619 6458 1750 4016 7724 9554 1330 7469 4285 7145 8041 3675 2464 5792 2839 5740 2586 1937 8277 4302 1986 5633 763 9336 7555 5365 5573 9287 
23 3458 2505 3967 4765 9326 6808 9306 9095 895 190 2959 3531 9461 634 3119 1371 6688 515 470 7986 928 1849 8028 
18 3460 9188 8831 6048 9641 5677 3661 7895 2093 9413 8510 753 1176 8294 4940 8929 2812 2099 
16 159 2179 824 5989 6277 2101 2081 3376 346 6148 4427 226 6046 2922 4380 5245 
28 7369 4893 19 5519 6829 399 3977 5177 132 4118 6379 1917 5129 6263 5571 6396 2374 1472 1297 4232 5063 3327 2913 2284 5949 3330 8632 7061 
22 6992 4882 5061 7045 9035 145 197 1458 6017 7276 9518 208 5748 8393 4963 696 1380 4626 947 5184 7672 9601 
33 1850 3772 9637 9274 6924 2490 1110 8990 8117 2227 7332 6798 5609 6049 6414 7219 1668 9214 2019 4256 8053 5167 2627 8295 8743 1026 9341 5506 1077 1228 4939 9021 1399 
19 2635 1244 4784 4667 1107 4099 6812 7902 3333 6303 4210 5136 3169 1367 6462 3296 4058 9049 3729 
33 169 5806 480 3152 4304 1823 1227 1031 8033 2414 5280 5196 4880 3350 3228 2794 4904 3171 9912 4395 4073 8440 3199 7344 6155 5812 5809 493 8430 8080 2582 5589 8340 
15 4155 8474 2274 3065 9806 1010 4208 6318 7560 2915 7954 2551 2809 1204 4011 
32 396 7473 8168 1353 3195 9825 6590 9311 939 3495 862 2383 3095 4446 2860 4407 2066 8289 1739 5462 1609 9412 1325 5243 9433 9815 1333 1428 1936 6521 1874 5969 
23 9510 2252 1647 1039 4217 4391 6695 4283 5443 3054 4527 3489 2410 7190 4339 1098 5644 8745 6566 3868 5570 624 3207 
22 7805 7400 6171 534 2085 6786 2942 5839 9757 1838 1174 9858 5623 3754 3640 3429 3533 8836 2516 1919 5532 368 
24 956 3933 9618 3956 1577 4555 1748 5318 2427 2921 9085 1955 845 3475 7066 1499 915 5099 1797 3180 5737 80 1177 5891 
31 1507 930 8301 6347 6195 9955 103 4688 7612 4237 2967 9355 4547 6673 347 1477 4997 800 6006 2271 9281 82 4701 1028 3387 553 1363 2630 8667 5919 8670 
26 2600 9589 4670 6497 7949 295 3443 6205 77 4234 7487 8037 1791 8551 3487 3965 6013 5572 267 2061 1983 7994 6680 588 4122 8303 
22 3080 5990 1261 6963 6660 50 746 405 87 8242 6478 4906 2042 8512 9273 9398 921 43 4992 7601 3320 7899 
28 5205 2980 2314 9783 5695 6486 3423 3217 122 1540 5142 2568 453 5865 9911 5285 5771 3687 5362 2332 5132 4134 7960 654 3911 9739 1303 4949 
19 7509 9936 6996 8131 151 8733 934 1257 2161 3907 8238 4615 8395 2057 8848 7036 4991 5887 1246 
29 4031 3203 1066 4021 6219 544 667 9568 7067 2231 92 4378 6741 3677 2712 4945 6459 5668 7875 1747 1252 957 5457 209 8946 641 9346 492 7581 
25 3931 4023 6425 2513 8763 821 263 4694 2146 9137 5085 9832 3406 3617 2639 9369 6760 3831 7735 1479 1525 8998 5320 8885 6495 
25 8243 4865 3913 335 8285 7874 6710 6666 2163 5188 6177 7085 1622 3154 8126 6038 5405 7291 2937 4612 3338 8822 301 3325 2777 
19 1896 8012 1452 818 8157 2105 4196 1671 6218 1351 3281 3927 8353 1096 3603 3090 8029 7771 9186 
24 3382 9429 2614 2559 8983 6818 1965 7266 8369 5472 6557 3559 2500 7290 1991 7756 1060 481 4358 8633 1682 5382 4006 9252 
27 8145 72 9213 4216 6025 4225 5824 3757 3238 6658 5299 7583 3247 4096 2151 9434 1137 8716 1369 3494 8150 7334 6410 9924 4412 884 4390 
17 1886 4544 2449 4013 5275 123 9122 2655 7587 4279 8651 8640 7607 8270 2480 3246 2412 
24 677 2588 7495 9853 3251 7580 9610 9678 4312 6080 1498 2723 4886 8945 5031 2869 3642 7813 9833 2495 9533 6845 3633 8563 
16 3623 8146 6982 5606 2734 3960 3944 3266 57 7736 2413 4496 4810 1411 8402 3202 
25 7567 5273 6490 8268 3579 7660 1997 9709 290 8026 5878 9625 9736 6559 8728 445 9581 6676 4561 5465 8006 5334 9687 8173 454 
23 1828 2671 1134 1667 7969 4583 1232 630 7439 2504 5038 4306 3985 6951 1979 2324 933 6431 6887 2125 6825 9754 1339 
25 9931 5720 7838 2213 3057 6494 6483 3882 3666 1395 8085 5036 9174 1672 2034 1112 1805 3044 4762 1579 6075 8857 6665 8571 8596 
24 3077 4014 7564 1950 121 142 1681 8562 178 8835 4270 8465 9351 3847 846 6183 1251 9807 694 5690 6947 7811 8061 8073 
21 4870 1719 8811 8899 3160 4260 2239 8860 969 9965 4884 5893 6281 6768 1559 6229 6282 4100 3030 2866 7613 
24 1101 3565 3950 4933 8781 1017 2039 1121 9577 2532 7821 4218 7885 2116 7201 3644 7381 207 8752 8653 9180 2176 6517 2541 
32 9472 1348 8916 2400 2190 8377 3556 1637 7894 9350 8429 6454 7245 3059 5342 7932 4263 5929 7858 5034 5904 2485 7187 8693 482 2470 7768 952 5821 4191 23 2430 
20 7900 4026 3126 7817 6641 4257 7072 5459 8952 1124 6921 2564 5686 8782 1957 919 6066 5693 5346 8819 
21 2862 5213 9247 3668 7542 3383 2349 7764 6788 7065 6633 4173 6946 5660 7663 1553 5176 1180 6536 318 7716 
26 3446 5565 5869 8223 4749 642 7964 7385 3765 7547 878 3720 6128 2663 3005 9399 2739 7343 7448 7241 6765 4128 1408 4172 5404 3257 
22 793 5675 8677 2802 1104 2776 8152 6908 4506 1388 2890 8055 185 6577 9431 8652 1766 4431 7643 1087 9999 7600 
25 2920 5335 8502 110 215 3231 338 2679 9357 8193 1961 1655 6787 2310 7387 3540 2433 5373 5008 6518 7088 8679 4483 8824 2591 
15 2205 2273 7155 4848 8715 5632 8274 7010 3051 9232 9385 1316 9528 5914 240 
23 6556 4795 1567 5037 9522 8467 4509 5600 692 1205 3901 755 5988 1052 4899 5754 4539 1923 7194 7610 4584 568 1959 
30 8261 903 9571 88 3575 6210 3218 7099 1717 3106 4525 8513 8463 1665 9900 6077 2182 5688 4767 2587 495 772 4603 7229 5868 3371 4898 6226 819 7971 
25 4890 3958 6797 6655 91 1910 6401 5752 2442 8751 9108 3775 3084 4079 3343 5622 5652 7579 7342 212 8099 9503 2298 4084 5780 
21 7232 3814 4318 9545 705 7901 1314 3412 9428 9855 2834 8768 1215 1908 1541 9220 2016 7585 2805 5864 9723 
26 8603 1136 3780 5028 8022 9425 3546 6758 8593 1193 7912 7331 5466 4324 8336 4386 3783 3914 8142 700 8260 4532 7182 3492 1949 9519 
26 9107 4955 6438 2223 234 4229 586 3618 9482 2905 2084 61 7246 7701 7273 9979 5930 8323 6085 9856 1565 2142 1322 8240 9121 773 
33 3576 4462 7074 2992 5523 9243 2606 7827 3511 2086 9023 7421 3302 468 184 3982 4718 337 4402 6356 7606 7863 3551 461 4686 8271 3092 7446 8188 2896 600 2166 3135 
20 5702 3003 2420 9694 8452 9066 4641 4593 2164 2648 1859 3146 2664 6165 6526 427 6645 4435 798 3028 
35 2391 8688 4920 5814 3314 2930 1548 6628 8898 599 7431 8 84 7953 6442 9276 5694 5861 4020 7999 1754 3811 1231 1969 6782 5749 2608 3728 3323 4436 7588 539 5738 432 8958 
22 1197 2073 9511 603 932 1985 6043 1155 5264 9761 2999 4066 5654 4551 4972 1423 3006 8934 3552 6548 4644 4793 
29 7447 3770 697 1483 4545 6091 8067 6856 8209 7361 4124 1434 83 5875 796 3929 5360 7848 3883 9210 8756 8476 3018 8083 5897 9839 7699 7314 7239 
26 7855 7910 9344 2570 5242 7963 5522 9875 3808 7001 5659 543 1793 4463 3904 6929 2131 4367 2538 5181 6868 1659 285 7929 4317 2212 
25 5974 6390 729 9149 7740 6079 5160 4873 8350 8797 2578 9662 888 7675 3947 5823 513 5900 9175 210 5198 631 3216 1854 5858 
17 5155 6052 2975 8703 9365 2261 2079 6474 1787 1914 3776 3502 183 6259 7059 6541 9732 
19 7549 2452 7217 8455 5681 7208 8772 7124 7714 1189 9930 4961 9010 6606 9053 3056 1400 1439 1998 
19 7412 7128 3860 4250 2360 8664 2291 6650 9410 5955 3692 2011 787 6041 1918 2561 1610 3145 6031 
31 8639 6629 8984 1254 2824 4553 4874 8044 3123 6292 5075 7249 7806 342 4821 1443 2457 4611 569 8784 4658 4362 3427 9718 6389 8971 8534 3232 8035 1652 251 
24 842 4841 3093 1419 4986 5769 2045 9300 309 1601 7087 299 7163 8482 6826 9139 659 8694 6756 8576 5730 651 3952 3805 
23 3862 3522 8123 3175 4798 1876 3197 9948 2618 8858 6391 1237 817 8424 4239 4116 7634 9821 1042 3527 4952 563 8788 
25 6334 2425 4878 1441 1711 8084 9201 6450 2328 7554 7728 1349 4294 3036 6942 4423 8019 7830 4042 6511 8344 2857 687 9748 6397 
28 3912 366 5271 9416 2632 3486 5986 6120 8220 7419 261 4192 2373 15 6221 7622 1406 361 9847 8839 2557 5747 148 155 5021 438 7561 6547 
22 1288 1278 2927 2272 5244 1120 2276 1669 222 6781 1587 1178 3497 9896 4754 6976 2567 6042 7577 8410 1808 9044 
25 5966 7822 4739 6057 1454 5722 6140 1857 2129 9288 9437 5602 1734 6037 9996 4712 8840 6452 6717 9071 1385 9845 2751 943 3936 
25 8046 8926 8074 3151 3542 2807 7454 6542 5023 3667 8552 2484 7428 9818 6654 127 5018 8078 9576 8914 7436 6015 1118 9360 4887 
26 9882 4959 4922 8654 1870 7543 6047 6122 1170 7103 4607 3665 107 3490 4755 9789 8349 8460 7880 9051 5400 8413 3360 2754 2269 6090 
20 2817 8928 5641 8559 9370 9526 8854 9285 4567 1440 1044 8927 6978 3168 3738 1129 5108 5146 3654 3827 
25 9414 8267 3806 4410 6288 7137 6784 2014 1597 3096 1249 9182 965 6300 9639 2765 8218 7248 5103 1542 4121 5326 3091 7330 1289 
28 8560 8942 135 2313 924 6915 9680 1728 5719 5329 3969 6012 4988 90 7244 9423 3972 5544 5024 7943 5166 4345 1818 8798 4286 3650 6583 7453 
22 2804 6394 6635 1148 451 5857 859 3351 8810 9025 5313 3704 5541 1327 2287 7459 5173 7028 6530 561 9513 73 
27 8232 177 1898 5726 131 9063 4970 2891 8128 2617 296 4489 5058 238 8286 2830 2694 360 3368 7657 2342 8995 592 7782 2615 3389 2297 
23 158 7272 749 3726 7486 853 8175 5261 1596 8486 3962 363 4538 8489 645 3300 5638 1102 5164 4774 2709 7015 7110 
28 8324 6833 7893 3097 1057 4222 7857 5575 7470 7717 2094 7180 5467 8405 9904 4490 1393 2270 235 2762 6112 1321 441 1144 9084 5762 1037 1135 
22 4682 9616 9932 8069 8435 6668 3789 5545 3052 2946 8259 5689 7799 8740 2599 6994 5178 1051 5637 2680 1992 4744 
31 8925 1386 7474 8872 5534 9254 922 4613 6586 5319 6223 1502 6275 2764 9438 1329 4756 7445 4053 9689 574 6903 8757 874 6603 1323 2124 9578 2476 1040 5886 
27 4833 5956 9069 5715 8818 2438 4918 7491 1290 9240 9442 8008 7374 66 3344 4453 7427 3099 5482 4766 7425 2820 7903 8199 8678 2247 8342 
33 6987 2318 8169 56 3652 9710 8346 9125 5790 9166 9651 6803 2423 3062 3787 6697 738 8385 7983 6927 9970 1933 5495 8370 3050 5070 8879 7165 7682 4600 2881 5662 9520 
21 646 8511 1958 2028 381 9811 3109 6835 345 2994 6231 7644 6265 4554 4242 6267 4540 3910 4779 9737 6527 
31 8392 8163 5076 4794 8415 8855 1716 6061 7391 8642 9424 4369 2912 7251 3555 8040 4632 7625 7027 1384 2154 4968 652 9721 5536 9787 7393 9966 7854 9921 7284 
29 404 980 7216 531 5308 9546 244 2058 1157 3961 170 7696 1584 8198 7832 9738 7769 4341 9163 7847 7979 7846 3853 7513 4942 6662 8895 768 5091 
26 6071 4801 6216 8103 7283 7500 5871 195 8750 417 8180 9549 8436 3615 8650 7386 640 5630 8870 8978 323 8538 5664 5705 6208 8111 
22 2090 5276 6671 3352 4663 9250 462 365 1235 3989 9298 1753 1520 3865 5425 252 1160 6822 2178 2096 7119 5307 
24 2900 7231 4575 3581 4153 1277 7415 6336 2233 9227 8514 1982 3174 2867 2299 8072 3700 6169 3643 165 8284 6564 6293 7767 
29 5113 3287 5456 8003 496 2157 5042 703 175 9018 2854 4508 8328 9782 2195 4145 3877 1218 2941 8453 3928 7318 9583 6545 9653 2933 6333 1713 4417 
25 2841 119 8025 8212 5843 3610 7151 1608 9279 1885 5133 2453 7540 7135 2801 6621 4926 748 5401 6059 9238 7189 4482 3104 3291 
26 7738 6748 3010 5951 1255 5627 1171 5964 6778 6565 5678 2761 1852 3721 1735 3558 6134 2353 2836 5241 1225 1561 5635 2171 3560 1855 
29 8630 841 7223 9007 7611 4059 5524 7299 7877 2293 9640 5583 4875 392 3114 2512 8122 5582 8004 5486 7193 6678 1847 6297 7380 6614 8578 4523 7522 
22 4160 3878 5716 1418 7619 4178 8625 3016 1572 9762 4928 1475 7413 1368 780 744 7071 6409 9702 1736 6319 9251 
22 520 5473 4813 8112 3274 2047 7345 9077 1648 5262 6973 4354 4671 9561 7397 4092 6891 9364 5293 6004 5877 1427 
28 8213 4861 206 1620 4960 5846 6667 8100 910 7365 6185 8887 8106 9177 3925 8554 5671 6003 9452 5624 3612 3510 7917 8156 6563 9055 6076 5991 
19 8710 6742 733 4653 9753 4909 59 7359 3695 1075 1873 1729 1710 6232 2964 7392 657 3774 5983 
22 9774 2799 2856 6507 8742 9073 9316 7060 9101 8130 9676 1641 7833 8487 3825 487 3735 6121 4230 415 8397 1284 
26 3115 245 1370 5923 8766 3518 2667 2068 5033 8419 8708 1552 676 3283 1656 5440 4202 4416 7452 6572 5 2697 9861 5851 2710 1973 
30 6328 4062 5209 3391 186 304 7371 6815 4291 8337 6637 3653 7179 4413 9148 6180 3004 5928 2744 4481 5917 9156 3441 9453 1860 488 6966 9600 6762 9550 
26 6893 1425 166 4206 4951 3262 4197 2598 3800 3164 1389 4454 8754 204 8859 2340 4299 1167 3756 1964 6925 7927 9714 8086 1512 6362 
25 44 1989 9114 9016 3781 5424 3087 6916 3103 4827 3948 5388 5305 8675 8680 7293 7730 6086 5286 1975 4947 4614 9580 47 3685 
33 848 3070 2369 5415 913 2103 449 7204 8098 1677 7129 5636 1920 7082 3955 416 6203 4914 7047 6028 750 706 578 558 4379 524 7127 8251 9986 4337 3147 4736 4796 
22 4460 7049 9802 6900 5555 3379 9008 8052 3243 2145 7937 4620 371 2319 1888 9098 9337 3790 9534 8917 8097 4450 
37 2775 4374 3331 5179 8912 5477 1581 6619 5043 239 6253 2837 7922 436 4219 5657 2305 7462 9407 9654 7253 6538 1095 4183 7993 4017 6672 4757 5674 2407 4648 5997 9897 5141 5325 2191 8719 
23 4676 7792 6307 7237 6733 4357 3521 4524 681 5560 1100 2814 1301 1466 79 3526 7390 7842 8115 8077 8319 1433 7948 
21 3286 8941 3803 8089 7860 5231 305 9038 5097 4387 8503 2852 198 5098 7142 8298 5152 8357 6850 9663 3163 
30 1355 7396 716 2880 9529 5101 982 4649 4353 8266 9050 6284 4996 8786 3220 1304 9031 6759 1995 5156 3395 2612 2003 8720 7078 5502 2882 6911 3230 7075 
26 3401 2363 9889 7424 6640 3332 8518 8634 5148 1168 383 5645 9375 1412 8181 5115 3248 6805 7038 6869 2993 4468 1940 7501 7373 7097 
28 1402 1840 6097 4343 4143 5911 5419 4923 2356 3276 3684 5856 2932 2707 863 3075 8537 7615 3802 8931 5952 5889 7630 1430 5776 8968 9377 1159 
21 3568 4703 6123 2789 1091 7148 3993 7777 4019 1211 5710 7181 3184 4516 7945 8721 1397 2326 6214 3439 872 
23 3053 3716 5328 9813 3801 8681 7261 8572 2631 6605 8601 8741 4985 1690 2258 9645 9493 2546 2063 852 3530 7621 1778 
18 5127 279 8737 2848 7840 3068 4568 3066 4563 5338 1866 533 7733 6794 7947 589 894 6403 
21 1653 2046 53 5881 838 5588 2997 1708 1741 785 8235 2691 8226 3015 9112 4705 2251 3611 7020 3810 3388 
29 7063 678 9944 4348 6163 8171 4776 6299 2117 3162 8932 1792 5311 7222 8908 4213 1139 3918 2422 9713 9885 455 559 1456 497 3227 5384 249 1821 
24 370 660 7098 9722 9870 1366 3712 536 9262 1259 2168 1742 7595 1414 3547 6886 5618 6945 3835 3469 6363 4144 9540 2337 
23 3963 8960 2193 6888 359 9354 7639 6040 460 8092 8132 8800 1943 5083 9940 9317 9851 1757 1944 7511 5604 89 1880 
35 5594 9696 7715 4487 1643 7220 5263 2174 585 9387 7409 8673 3976 8689 4782 3457 4472 2928 5698 1990 8532 2682 9129 9849 6631 8624 9379 2822 5020 4953 8334 8048 6581 6801 9459 
24 523 5592 5535 5149 3032 6944 192 2106 157 2458 4746 2345 5926 8875 3481 7951 5130 5378 5810 9444 7520 5080 5426 8490 
31 2307 9950 701 897 331 2616 3285 2974 3269 6738 9181 6139 551 8973 1544 833 9494 3804 8921 4028 9638 1214 10 7956 996 9270 7250 9883 3957 3778 7844 
18 6905 9207 1598 4642 4792 7257 5172 5700 1628 4351 4852 1473 7504 4672 3512 6225 879 7678 
27 8591 9884 4264 5246 2398 8225 2062 4504 7292 8043 6772 7414 3784 7570 3846 9333 9167 5035 5945 4995 5190 4872 2653 4088 2670 4818 5441 
35 357 472 2603 7573 4978 9208 1617 2531 7007 9514 6476 7751 2843 4473 2006 1934 7530 2111 2439 6766 4141 297 2037 7741 6212 3354 4140 2825 4405 4068 2851 3635 8070 3705 3760 
18 5642 3459 4064 7831 395 1865 7628 5916 5935 74 9620 1126 2431 243 5653 1229 5533 4325 
31 4103 3370 8713 1184 6747 4282 2160 3386 3208 6234 5709 1335 814 98 5290 4356 9779 1149 444 8214 150 6880 9211 3229 1462 3733 3926 4580 4559 3751 4138 
23 545 7199 4227 4223 4707 2309 7341 5611 5150 2949 7915 5788 5789 3971 5410 2594 1268 1310 9607 7911 3008 211 1563 
25 3241 4534 3834 7406 6479 7336 9116 7357 2898 9775 2656 5494 339 8258 3590 8747 9117 6291 9376 5908 4107 8341 8599 4838 5226 
26 1210 7133 9913 6799 2646 8717 3364 224 2336 6613 7636 1076 1585 1588 3662 3455 5825 6312 6657 4335 6819 4570 8414 8189 310 1027 
28 2245 8428 6878 9888 7574 5214 2181 9683 3007 9319 1506 6487 999 4856 8600 7456 334 593 4169 1895 4977 7420 8335 5489 726 3693 4022 9927 
28 797 8049 6796 6310 1234 3128 735 6522 4491 4760 1337 8760 5114 5474 4060 4221 2609 9652 8281 8331 4753 2132 5910 7680 6150 6039 4471 7433 
21 9320 8484 1133 3713 3127 5111 3938 5841 7766 9498 8403 7294 8186 5770 5429 7737 6175 7797 2122 7150 5646 
22 4958 1072 6872 372 9942 4804 5476 49 811 9094 8485 6168 5144 8877 9239 5312 3356 5248 4500 5950 2112 3288 
20 7818 1999 8691 1263 6937 8054 8320 4111 7156 2371 6612 1444 9302 2025 9575 9675 2529 6513 8107 4135 
22 4180 6316 858 5629 1593 4102 1445 2029 3991 7942 7722 3271 7667 6145 7867 5650 6482 828 9179 4051 4127 3578 
18 6496 1796 6693 8219 3373 406 9923 8449 9356 458 1700 6202 5625 9123 4309 4209 5374 5010 
25 3582 9805 1798 9292 5204 8406 7104 4927 9340 4424 2290 4605 5469 5750 2119 4998 3079 6380 8248 1092 3900 9100 6699 1426 6298 
26 9086 8062 7105 2958 7812 4706 8655 6923 7803 6776 9440 9202 3131 5965 9691 6451 4095 6716 2401 8279 1515 3919 6350 8585 2330 8965 
17 3275 8736 653 1106 6088 3922 3999 2610 6098 9681 8658 3619 8065 3980 6355 8702 7707 
26 8804 7890 5972 6192 8911 343 7158 6584 3896 6373 4892 4139 4163 5704 8421 1762 564 9843 1156 9989 5161 156 5895 5909 264 3088 
27 4444 5399 3561 5368 8814 5727 8210 2787 3026 5458 8889 3727 102 414 4560 9570 8988 2496 2295 4090 2082 7807 2534 4166 4622 5431 1344 
20 8308 3698 9260 7603 6814 1701 2393 3888 9161 3176 1594 8246 5432 911 3304 9484 6884 5711 4836 4467 
16 5009 5940 6707 6500 1784 7921 2358 1154 9838 5959 2296 3632 3737 6674 1545 3358 
28 3479 9196 5798 725 2183 1635 3148 1924 3397 2962 1574 6715 3242 6649 4149 9127 2517 1071 8808 6634 4078 6965 9817 8119 1776 9436 2015 766 
24 2065 1662 7966 104 5888 7829 6867 2547 6407 610 7377 9488 3553 3978 6153 3818 1942 918 2740 4735 535 1935 8292 6399 
16 3857 6533 7407 2044 9844 7654 2033 5833 8846 823 2683 6344 6064 9945 6417 3748 
27 144 491 5528 8539 6700 1272 3499 5880 1730 1522 1872 9293 8057 5596 5345 844 2451 870 876 6795 6009 8923 4624 258 854 6321 1140 
32 3795 2681 8993 6754 2199 5984 4334 522 4541 4517 608 8956 3874 5015 747 2797 5804 9596 2078 860 3813 6922 6279 8803 5491 8224 3134 940 4177 9840 9579 7684 
24 6026 7608 7254 3866 2640 4190 790 8396 1054 2135 147 5992 8161 9284 5092 5761 1634 4639 7668 298 601 4635 7325 1190 
31 3724 9036 557 7886 500 7382 4723 4126 1097 2647 3120 6683 3856 1606 1243 8322 1871 7968 498 7154 8302 6249 9092 1697 2071 4824 7536 5072 2411 1586 2177 
19 917 8589 7306 3744 4764 9666 6461 9598 9758 9669 5100 7203 5364 8444 7173 9037 5634 7467 4228 
22 7572 827 960 7197 3190 751 971 711 7539 7774 1001 2957 5109 271 4120 1946 5496 5106 3651 3755 584 3312 
40 2281 1266 5180 901 1680 526 8318 6199 9106 6664 7576 328 7140 7592 4609 9537 3836 525 4035 4692 9863 9743 7033 506 5044 3796 6276 5827 8700 2783 4915 1283 4240 2368 6239 4900 5782 7152 9449 9418 
27 60 6508 1043 2738 4110 4719 1929 1248 3233 5731 1360 4199 1130 6698 4834 9384 4 3071 648 7228 3122 5237 9464 3210 6793 81 25 
25 9646 8649 2662 8980 1450 2286 6159 615 1116 6352 4046 1932 1420 6732 2022 7322 4032 2539 3234 9457 5396 656 4679 880 6207 
21 3761 6930 5274 9111 8144 4497 6193 1173 4429 5123 1264 3310 2976 9054 6402 8179 8821 962 5994 8900 4048 
32 3270 1532 4546 1530 3035 9988 8164 6398 4869 5240 182 6063 1909 2925 5862 986 5402 7042 4133 456 8108 9677 8909 7265 8837 4069 5138 5811 684 313 6744 5968 
17 5585 231 6341 429 7939 7593 4800 6718 1122 765 6332 5832 5082 572 5834 2966 9810 
25 9720 4585 9446 4458 2187 4338 1517 5728 7514 9244 3236 3746 9013 9854 5680 4747 6506 8293 2344 2329 3973 2196 5883 6960 6377 
29 591 8079 2388 900 9975 6204 4384 2634 5682 6979 199 9366 5386 9587 8598 5493 736 5844 6405 4758 5306 9599 8672 7102 5764 7679 1842 8809 7482 
23 5422 665 1038 9045 9902 86 8446 2459 5125 2051 7624 1815 5210 8058 3204 8573 1732 979 1253 9899 3398 9253 7760 
19 2770 2604 6816 2375 1315 2320 7629 1078 9819 9555 2049 3598 9158 6972 4205 8913 389 5562 923 
22 6296 4618 4669 8075 3509 4171 6636 7664 5096 1638 2780 2535 4858 3723 4421 3293 2123 6125 4730 9862 230 1015 
22 9992 7321 2268 8101 3627 8059 570 9893 3249 9189 2292 4616 8915 9665 8272 9353 4040 6580 8278 1478 5721 3647 
24 8479 5195 3616 9715 4056 7161 4910 256 3267 4359 9747 4262 7289 9435 4934 143 1806 633 288 1663 5461 3278 8605 5071 
23 3873 3664 2141 3308 3930 2696 2708 7175 3282 6021 9291 4708 5208 4461 3968 6264 756 7556 3504 3515 1459 437 2718 
22 485 6757 9551 3841 2878 9959 7402 2260 1117 958 181 4590 9331 8291 6367 2580 567 4224 3519 6114 8975 8758 
27 2267 6105 6194 1738 5191 9430 5936 9318 1503 575 9794 1812 2114 2973 8910 475 1887 5354 2001 2017 3773 4925 5597 1035 6477 1143 6190 
21 6317 6997 1276 9562 7965 4200 8748 1558 7938 7985 812 5120 5931 7139 7970 8849 5257 2382 6817 1431 799 
24 5947 1903 2784 8869 2365 4627 9918 602 8660 720 2633 3588 7897 3797 7095 7941 5236 9660 6089 4433 5934 1009 6060 6912 
35 2846 5112 1048 9995 1974 7795 8066 4195 8794 5879 682 9368 8174 8977 7170 4695 9812 1343 2779 4117 3206 3597 2069 2982 3431 4258 2246 8431 9588 7930 9804 7534 789 8792 549 
29 7845 7159 8833 6524 3239 6750 975 4731 9132 7652 7166 6632 644 300 3830 9283 2351 3132 4332 2036 5845 9266 6775 3408 3759 6523 4687 7924 8192 
28 7598 7776 2674 4101 1926 5029 5777 8280 8408 8197 4265 8813 7149 9286 509 714 2835 9524 7906 4159 3253 1689 2995 4024 5830 268 1978 3620 
19 868 7596 4660 5587 1150 7398 5436 699 5291 4974 120 6230 9791 1138 898 7490 1780 5260 688 
31 9014 9144 2235 3328 5283 4521 5464 9404 4987 6351 3932 2243 3659 5341 2102 8241 727 6023 9987 1153 9422 6313 7488 849 7094 8389 7410 2074 311 5903 3824 
25 38 6271 1123 8533 5757 6138 213 270 3541 9169 8416 6892 1688 510 1625 994 3390 2478 8666 2998 3655 9463 7458 7809 7773 
25 769 6358 5253 7961 3329 8382 5216 7973 3317 9872 3098 6418 9671 2402 3465 115 4089 7693 3137 774 7498 1533 9585 9076 5982 
29 4843 9171 5351 1152 8317 6570 1684 9405 6800 9492 236 8907 6519 8853 316 9228 2152 3261 5539 5907 5336 3268 7011 8332 9389 9225 2877 9381 9621 
24 8530 6290 2043 3984 2515 683 6863 9684 8570 9830 1493 2331 8844 7933 936 2948 161 3714 9143 6561 45 8623 1358 8546 
24 3606 6854 8087 8515 8656 1250 469 3089 7565 6980 8852 8247 7479 196 9961 3219 3023 1867 1744 78 7934 5593 7432 2660 
26 292 7281 8924 8461 6723 358 7995 7269 6254 4895 490 5699 1162 2447 1307 8790 3074 6958 6820 6720 7742 3442 3292 8906 3739 5254 
24 1345 840 2909 9427 740 3951 5853 4814 3636 5866 6608 7279 5102 2536 6181 2206 2220 6314 3394 5933 3102 5117 1939 831 
32 5027 5200 2386 6998 2688 7349 6587 3498 4946 1185 2348 7732 7758 8778 2652 1853 8195 3019 7931 1347 8009 7904 7878 4840 8509 3179 4415 767 7218 3507 7346 4070 
21 8118 4130 1279 1996 9136 1800 8217 8636 6211 9559 1169 352 8608 2986 9324 7747 6974 6543 8780 8227 1061 
15 154 6050 1841 5768 6838 9120 3513 3072 4640 2577 7274 3889 3060 2263 3381 
26 3415 4665 4596 1063 9332 637 7852 172 6646 390 2757 4370 1629 7734 3255 6449 2435 140 7710 7718 1813 8215 8239 2747 8994 1000 
32 1270 7541 1822 8582 4566 6209 7920 4999 7308 3884 1650 7211 4650 732 2200 283 2611 5885 2737 7794 314 9656 1221 1837 6020 8426 8522 6019 7090 8448 734 6724 
22 6592 7418 514 8378 5795 4002 1230 9329 3501 8812 6721 4443 1187 40 8014 1535 5450 8641 7623 9894 8194 1562 
22 7422 1557 3569 1469 8371 6623 9968 2786 8764 2542 4486 9277 8187 875 4114 6991 2940 6932 6220 3409 9153 7444 
30 3201 2294 2159 1429 8735 7040 2468 4589 6385 8313 3839 7649 9962 9079 760 9259 4397 9345 1281 6460 1258 804 4815 3143 4252 1878 8064 5734 9258 7662 
24 9517 2038 6712 2813 2387 3858 6444 2361 1460 1720 2721 9246 2579 5953 5359 6790 1085 412 6669 3438 4493 7913 1146 6515 
20 3538 9027 795 9506 4979 2537 5507 3717 7676 6268 542 2311 9299 5859 8701 153 3478 6792 332 4361 
20 9769 64 5323 237 6574 8183 1008 8376 1804 6948 6615 5743 1770 7316 1111 4772 31 9462 2593 2308 
29 385 759 4451 7685 6844 7302 7537 3710 6370 8327 3793 5922 9922 1543 5755 7263 6604 5619 1783 5701 2544 2826 5192 7403 3449 8557 1526 5215 3363 
28 3734 9133 9406 2533 8443 9126 1687 7861 9280 1306 4151 2875 3183 5781 1846 7286 9362 777 6201 5409 3591 707 5223 2923 8254 7778 835 8727 
23 757 118 7712 4474 6361 3461 1856 6189 9886 6428 8542 3194 4659 5978 7009 1364 1921 1086 3624 6173 3890 6910 6441 
28 6440 8648 3658 6739 3670 6215 5393 6933 8423 17 4290 5876 2180 1447 1287 4975 6625 7466 2886 9508 4365 1795 8365 2907 6575 9869 1894 8202 
24 3335 6871 6690 9746 3673 4187 2218 5367 782 3450 94 7559 778 7605 7032 675 4076 9097 9454 2378 3592 511 5151 9672 
25 6273 7112 541 5418 6827 2895 3869 9980 5145 5718 6331 8409 950 9367 5786 2327 4748 7192 7518 4586 8619 4261 8881 8726 174 
19 2424 4466 6909 4598 5554 6505 4459 704 1698 9003 1618 6346 8944 7793 2703 3609 4314 4364 6550 
25 5526 9168 7888 9877 1549 8135 792 5234 4911 8659 6624 7729 3245 5201 7057 6578 2530 5941 7749 6840 5287 9586 9257 5802 2951 
24 1372 966 9078 114 9771 7525 4745 4267 6467 287 1570 6413 1453 6161 242 904 1931 3791 604 2004 1615 1685 4698 5371 
20 2325 7545 909 1589 3009 4912 2955 5387 9679 7642 8618 2970 1260 4625 1354 2491 4015 6127 1706 9910 
28 9602 7313 2041 6777 7441 6585 7120 1328 7869 8363 1824 7093 2248 7798 2107 6354 2083 3563 1604 505 6426 6248 9929 4530 3337 2481 9289 3298 
25 3517 4186 7505 7083 3893 3172 5586 1401 7507 9527 3892 861 9627 6539 9867 9052 9191 9991 4542 336 6116 4492 9229 7779 6753 
26 8386 3105 8645 7465 4105 1099 6033 741 5403 9099 1065 3073 9128 7225 2781 9347 612 6369 8540 9822 2763 1350 3690 3736 7368 6170 
26 5490 9248 3309 1336 3420 5026 7569 3663 6986 7303 8480 5774 8105 5691 3149 7372 7126 4726 9282 6883 1627 1396 3867 4025 1464 7804 
33 1032 7188 63 1686 1509 1387 3983 7721 5321 5605 8519 1743 8176 4859 1324 7258 6684 7843 7315 8478 29 7697 9040 348 8505 6537 8359 1977 8231 5479 6484 3516 7147 
20 3196 519 8696 6415 3994 6295 5647 6950 3400 3915 9828 6188 4112 3041 4693 1487 4812 2018 1442 1023 
27 2352 1632 9265 937 6853 9695 3715 4289 4091 8191 2465 7183 9118 4770 6648 3524 8507 2888 4680 7017 3284 4381 9788 5376 3311 457 3367 
19 9937 9308 1200 3130 7035 219 724 1496 8523 8687 8753 8016 7614 4901 8374 9267 9138 7376 4469 
31 9334 1972 3002 1644 7967 8697 9667 6084 8222 5182 274 401 9017 4268 7004 555 3303 9535 2916 6696 9290 8933 8774 9998 4832 7557 6306 2499 6340 4950 137 
25 2874 8166 4478 4037 8985 5289 7566 826 577 2838 5239 5631 6589 5963 1723 1745 5759 8366 7823 6368 4328 8964 450 3637 8886 
21 617 9808 6383 3604 3156 8367 2832 1861 8918 3942 7590 3535 2002 4976 2277 3117 3771 5977 9042 4811 867 
29 419 1030 3815 2621 4161 4041 8252 7024 1382 9558 8816 7240 3039 5014 8777 7881 4388 3029 4990 1954 2392 7512 2790 3537 7050 3055 8762 0 3252 
31 9982 2563 9328 5249 124 6837 4085 7834 6305 6734 4750 9480 5055 6534 108 4962 9485 4741 6135 2686 9964 1816 4924 8162 8843 1864 9397 2549 4913 4249 9744 
37 6166 1834 6179 9009 4266 8706 547 1006 6774 3437 6233 3380 2800 6411 3743 761 6902 5207 7826 7052 6206 1649 2755 2550 9460 4983 7070 973 9647 6823 3205 8304 2902 8493 6600 9740 4588 
20 3299 20 7914 3997 3574 1951 5574 1410 4871 7298 9187 9206 5126 9552 7000 6465 5669 1922 9530 5480 
34 7301 9222 3626 7323 6609 2322 5800 5421 6770 7746 9934 4771 6260 9396 2725 3945 3863 5550 532 1830 5193 1047 673 6555 2466 4929 8953 2872 4401 5221 6228 8249 4082 9392 
28 5256 7022 4271 1403 2906 4587 9241 6045 5547 4982 8974 9325 117 3988 3881 7077 8749 730 28 6117 8806 7351 5976 5850 1777 685 5377 9864 
21 9475 5309 8712 4215 2956 2109 6489 2394 9573 275 6357 5616 5078 3188 8275 6074 7872 2026 4373 5134 6200 
17 4094 7177 3885 6213 386 1182 8602 5143 8615 3211 4432 4054 6104 6 622 5828 6430 
35 621 2938 7820 5389 6749 2339 1201 7550 9597 7856 1674 9800 7054 7160 8498 3215 6464 2087 1833 8864 9814 1694 1877 220 8418 5268 7399 1267 8564 9933 6644 3297 4636 2343 1546 
24 1971 632 9393 2623 7324 1405 8676 1566 2323 3186 9891 8021 690 6113 7563 4716 698 8828 784 8892 9231 2172 6197 7483 
20 6919 7814 1829 9622 2673 625 4336 1476 1981 4664 1962 4503 1436 5463 7633 6894 3689 3557 7990 7909 
34 4259 2482 9776 55 3924 9378 2733 4360 30 6714 12 638 6280 95 1827 1521 7086 4098 7262 8550 628 6151 9477 7356 6421 447 7496 3125 4494 2070 8473 1021 4830 3694 
21 501 349 4305 7213 7335 6308 4342 7896 7692 152 2118 9491 9197 4479 7762 3864 8891 1709 6238 4420 2346 
26 3040 4896 4067 8709 1062 1045 4418 1771 4775 2489 5797 2918 4628 7523 5030 5971 116 3719 2381 3063 4773 5094 4439 6244 1022 1319 
27 662 5607 2595 2753 8129 9614 7041 7586 8905 6022 2275 8287 2054 5708 4158 8165 5937 428 8665 7558 5785 8010 5470 5626 3986 7113 2448 
20 4519 1851 2687 8698 431 4287 2140 573 8791 1081 4591 9193 6272 9151 5516 6224 6154 6371 21 5920 
27 9261 2626 2950 5538 6082 2810 5162 8527 8068 9706 7810 294 518 1948 4606 9915 8300 4108 9890 1490 9501 3752 9135 1551 7859 9642 3861 
26 8109 9217 3462 8882 6036 6643 8795 2089 1217 7029 1752 3899 3600 4556 3359 13 8325 2524 5610 9798 2000 4678 7267 4629 6252 2445 
31 8725 4233 1902 193 7698 7907 5301 5784 3920 754 9704 8315 5872 411 2217 5363 6653 6874 6729 9363 1759 1219 9567 3940 3580 378 2893 2678 486 8245 7464 
37 3336 2189 8637 2554 8981 9953 743 9698 7287 7617 3064 5765 260 5270 1675 1916 9409 6258 7648 277 5998 3906 2566 3981 2350 8190 2289 9068 5896 7130 1899 9878 9474 8581 2944 4065 9763 
24 9115 953 7449 8060 3411 6011 5614 6136 2584 2657 2575 3832 3593 409 2731 3820 269 5676 291 4956 3166 5222 379 9750 
15 993 3339 606 2565 8050 11 4964 5324 8447 9542 9755 18 129 3696 2053 
21 6689 8897 1417 1523 9917 6981 1758 6261 7677 9780 1115 1090 312 6325 1524 6247 1285 4320 6740 6692 1376 
25 5996 4484 4518 2030 4188 3048 9271 9564 9705 5767 5542 8155 7551 4582 6588 7310 6875 4272 4715 2092 1132 7037 6327 7109 4941 
22 6704 6400 9605 9635 6067 802 1373 250 830 3094 5392 8149 2910 9233 7646 4464 8466 9939 9512 8506 2642 4646 
18 7839 7169 1528 9468 7144 5779 3214 6870 7162 6044 6824 4691 6917 1033 5475 400 6416 5842 
27 1012 5398 7 6881 4883 8030 3701 6785 5397 1727 1379 8497 5987 5640 713 9984 9275 8007 5088 1765 8959 2436 3022 2876 6124 3315 1676 
31 8036 7981 4515 7868 3843 6436 4414 4558 8883 3402 2701 4981 466 877 2720 6525 7866 6847 9373 1495 2052 7754 247 2811 3570 7069 1341 8704 908 6143 4528 
28 1810 9476 7018 9626 7517 4331 2010 266 1912 942 9907 1941 7787 1531 340 6447 5186 9264 8492 7114 1569 4030 2792 1359 8761 3679 408 9925 
24 5040 9203 7107 5069 171 9781 7837 1070 6156 5778 8257 8124 4828 9070 9221 2244 1394 6769 6687 4241 97 5813 9249 2620 
21 5620 4350 963 5938 7702 9926 6691 6642 4677 7184 5584 8316 8587 1181 8893 2133 6529 9505 5340 7836 2695 
27 4313 4535 3995 325 9816 7515 7571 6423 5073 4853 9223 3529 2441 483 8989 2989 3422 6984 4409 9594 2203 6191 191 6158 2677 4709 2649 
30 3894 3871 3585 1404 7752 8034 8470 1103 7653 4797 8401 8894 974 5729 5135 2798 3641 4623 929 5549 7437 6773 6445 8459 1342 7744 8940 7510 3508 8290 
22 7925 2892 3421 8707 4319 2607 3260 552 1510 5848 6737 2972 6472 3902 7828 4426 3998 4937 3749 7023 9451 6591 
18 463 228 5488 9020 9215 1953 810 344 8787 8114 434 7651 7700 5509 2760 5437 6834 8253 
23 109 5413 3823 8488 4714 2076 9532 7008 6485 6455 783 2303 9792 9439 2716 4697 5687 5603 6481 2285 6217 5255 2463 
25 7091 5079 128 5395 8296 6092 8383 99 9634 4132 9591 3237 6278 9631 8311 5837 8154 8229 8755 6848 6832 2819 582 9495 7013 
23 9604 4662 4879 658 5567 530 9778 7944 421 113 3543 2728 2870 9958 2724 4244 4142 146 2121 2858 2556 4763 2359 
22 8236 5449 5266 5735 8234 945 6839 2885 7484 794 2197 9002 293 1199 7224 3496 35 4012 5158 1763 8950 9693 
19 7221 9432 6437 4422 7278 9859 8592 8015 3385 7916 2847 8299 7134 4608 8888 5763 3741 723 6387 
27 6488 4327 3872 7055 9352 8997 1862 2808 2256 5051 5826 2389 4921 9773 907 3414 8583 8868 8477 5946 2926 4238 3718 7295 105 8561 9489 
31 7243 2562 7772 4514 3631 914 9729 7887 5385 9335 4630 8991 5995 8380 3595 9553 5414 5559 4157 284 902 7516 6146 788 4074 4844 1046 5391 7599 8711 3086 
20 6546 391 5921 5119 2429 715 9734 1203 7851 2689 4236 8147 317 6324 5590 5563 3374 2204 3536 7519 
33 8674 597 394 9390 596 6970 5434 4943 1127 9028 8841 1375 8626 6419 5265 3996 4529 5139 6851 1573 3525 7416 3345 1041 3222 5484 1435 8237 3740 9313 8373 719 4604 
28 1527 7463 2963 4597 5958 8979 478 8775 2055 8783 9701 4711 138 4104 5206 5492 502 1059 5048 9294 717 2144 3046 188 4751 2510 1422 7068 
26 3141 2434 8091 4045 5438 7312 232 9887 3150 1691 2990 695 6110 2636 7998 1055 8801 5855 6831 1166 223 9831 1705 6725 39 4301 
26 2067 4440 3786 9685 7499 6858 3224 1165 8216 5065 9033 6841 6109 2005 9793 1624 4389 8516 6949 9978 836 9146 4174 3828 6610 4557 
30 5353 3799 6876 9536 4307 7526 2520 8352 8347 1233 3157 9565 1468 2472 2743 3121 7739 3365 3428 8137 75 3413 8345 259 179 1660 1 6381 4181 5067 
24 2988 8362 7873 5442 8491 2255 672 7785 1825 6107 7786 5381 7626 2415 101 8432 3681 9307 376 6251 9548 1893 6320 3272 
27 8577 8425 927 2185 9951 8442 3129 1516 9866 9703 6137 5288 8856 4689 5805 8724 5967 3342 467 3187 1308 7665 9973 7259 3017 2214 4936 
27 8690 9628 3047 1774 7977 2080 9538 2259 1658 4499 5906 4347 9860 7796 4495 3583 7853 5282 6670 964 7101 5840 8851 4152 4569 7363 3833 
27 4044 5818 4129 5468 2077 8269 1718 6375 2408 562 5006 3921 2585 282 8454 4167 7338 5105 9303 2883 2234 2968 2911 6501 2155 1131 2528 
29 6939 6504 7236 7976 5944 5939 4007 3038 7141 2282 3943 473 9835 5011 2262 4269 4003 1976 6262 2936 9901 8838 4657 7019 2283 7275 5317 7379 820 
26 5212 6730 3483 6639 6843 9584 4571 7761 7260 9470 1967 8133 5760 6343 4164 4189 2347 8020 9178 1457 3264 5049 6102 1186 2654 6520 
23 3369 6493 663 452 4702 52 886 6711 3769 9823 5537 7991 2897 6388 992 3523 3822 7328 8663 7426 2216 4572 7711 
25 7339 7475 7552 3477 8256 7694 6957 989 8420 7959 1378 8723 1905 3471 448 7062 6617 2416 8936 5683 5412 7176 3225 1208 9868 
25 2108 6861 4681 1220 4372 611 3108 5194 5446 8027 6255 7106 3377 9061 4403 5433 847 4595 607 93 8588 5347 446 8520 1105 
28 3244 3646 2576 8398 9022 2013 2506 893 4498 7360 2638 9557 6807 1616 2569 9466 2266 341 2772 1845 2935 3076 164 6962 1772 6607 5147 4717 
22 479 6811 2238 6236 6968 3410 5656 1848 5157 9852 5045 9395 1915 9103 5703 5383 3548 329 1633 6907 2502 666 
