37 334 4999 8468 3323 9868 562 9833 9692 3330 4687 3676 3211 482 3805 1172 5680 3695 5787 918 9117 9646 6845 4449 9394 953 6904 8959 7528 5692 4221 8469 83 5803 2984 1098 7490 4806 
40 9485 2166 5223 2097 6094 9220 1790 5166 5154 435 7742 8331 7491 2695 5319 8377 7496 3520 4872 8750 9036 1928 9524 8641 4803 8600 5435 9873 4492 2516 7892 9169 3310 3287 7103 3911 9318 9918 1408 4340 
28 1738 8498 6878 8606 3666 8247 350 4880 5788 9356 6705 1430 3620 9184 6591 9901 541 5561 2102 201 8991 1676 6081 8038 9920 7403 7223 4032 
39 5033 724 8128 2463 1929 7085 7078 8502 6807 3834 3230 1303 3642 1871 5211 7147 6627 3822 1597 484 6777 5050 2614 5162 6980 8886 7242 5238 7106 7821 180 5064 3005 204 6231 9187 4537 553 6756 
31 6161 6255 4286 5343 4250 2238 4691 5609 2577 8493 9594 6381 4124 6017 2897 5156 8597 7381 1038 8266 6967 6825 97 9218 4428 4746 5121 9503 3318 8026 3154 
28 658 9908 9456 520 3947 6463 9396 9090 4403 1663 1693 341 4113 3261 8481 9419 9629 3554 9795 3319 3204 2161 8289 5714 6000 9302 8577 8906 
31 6282 5553 677 327 9509 1627 7831 7722 4851 3986 5608 3274 5768 8615 2051 6084 9453 3333 7776 715 7455 8028 8541 4696 7557 1558 8035 3018 160 6509 1589 
26 8545 1276 7093 9492 9720 3268 1422 4134 2843 1310 8487 4486 2627 1571 6512 5613 9916 4678 659 9988 5375 1051 1134 7788 4383 6435 
27 8320 2851 4257 2376 5086 6004 9829 2961 2241 2769 9734 3385 9368 9787 2057 4279 4747 1020 9565 7173 8546 4558 3023 6400 7240 9568 5058 
27 635 8592 38 3915 1300 9123 4646 4655 8559 5801 7457 3945 6445 4022 4485 2249 7721 1278 1980 4039 3092 5704 943 8459 6493 5742 7368 
30 5001 2906 139 6397 113 9412 6856 9574 1461 63 7761 1337 9835 8736 9705 7470 5984 3649 6049 7291 7639 2487 3900 3095 1340 504 2371 7681 2871 2067 
34 1168 387 6069 794 8659 93 1667 5856 7428 2134 2865 7535 8159 5907 6214 4448 7171 3158 4625 6371 8447 8855 1427 4146 7050 4802 2234 5393 260 3507 104 1154 7854 1624 
32 6524 1555 5081 6370 8208 1855 7047 9686 4811 8693 3304 6421 9060 9226 2064 2486 983 1254 5849 9276 9486 3873 1312 8918 5577 2942 7319 2449 5618 3157 3782 5216 
26 329 9882 5753 6532 7423 6997 3604 6848 698 9160 9498 2704 3020 6388 7558 6639 2970 4731 6288 8146 7783 8288 5987 3070 41 9992 
25 4951 6926 9810 5979 3528 9743 2999 4672 2932 6407 1755 8424 3336 8281 7525 4081 5194 9701 8430 1388 1992 4240 758 5386 7495 
12 7580 8683 4768 2860 2649 4798 6425 1063 3553 660 2228 2846 
30 6042 2761 8072 8916 3665 463 5847 1671 4457 885 3772 822 2813 3192 3781 9211 2833 9461 7662 3341 2198 7782 9173 9176 9983 9286 8558 9830 173 8948 
25 9696 9253 5407 4129 1336 7199 178 8046 6491 474 8520 9959 494 7104 753 7900 56 8551 7569 2377 9432 1515 6027 9411 2975 
30 7552 5589 6610 2111 2209 2277 2816 8226 4496 3886 5153 2978 8634 2154 982 3693 5917 9698 9824 848 7005 3768 5117 2556 488 2129 7709 1387 1961 7362 
40 9913 1781 5239 741 1080 2259 9185 1265 5791 3807 1251 478 1794 9272 2621 3414 3151 5141 1348 252 8412 4954 9278 4144 1386 5978 5720 6057 6006 7999 1128 9409 4762 6046 9635 2965 7676 1292 198 9219 
40 9322 6766 1379 4870 754 9802 9093 5659 2644 1468 2647 9384 1869 8759 3917 5381 8304 1239 4965 1615 9284 8919 1116 4019 5633 4484 6857 4767 8251 2014 6235 5621 2199 2588 9753 382 3394 9455 3424 8273 
32 3248 7126 3841 842 6242 71 925 216 896 5790 7645 1431 2756 6682 4346 1880 8197 1049 4920 9263 6721 3792 2657 2831 8709 8984 6696 7153 6305 2373 1357 624 
20 3634 6233 5341 9616 9177 7446 1367 1489 4700 1616 9130 7193 1949 9623 2281 1807 1828 2455 4612 5961 
29 4491 4568 9441 6332 6736 1219 7628 196 2727 4528 8383 6468 7610 3745 301 5615 6604 9487 4319 3674 930 3838 9857 4233 6952 6534 3164 9642 2216 
31 3733 6514 1721 9058 9717 5037 8801 6794 9337 2177 7723 8080 5763 4408 1531 2511 9761 4018 2178 5255 9544 1938 3481 6876 522 9981 8762 1689 8418 1577 8476 
27 9470 6748 3729 8272 3677 9821 9063 3583 3477 3820 8489 9647 7860 9111 8785 2477 4210 614 7735 1698 468 81 9297 1948 8075 1661 1875 
26 5711 3920 7979 7584 3661 3559 2224 4047 8382 5012 8713 7302 6041 2686 3273 4189 6569 8614 5462 8062 6044 9166 2245 5936 5412 8770 
25 6422 2718 3309 3434 8099 5279 8930 6752 820 9624 9045 2077 5551 2749 5388 2936 4223 7942 7526 7192 5869 3464 9551 1402 288 
25 6002 4993 1685 3533 3076 1440 5706 2522 8525 4929 6908 7898 5626 8957 5737 7441 4812 8995 9189 2716 1776 2410 6433 9225 281 
21 5780 6472 9425 8538 3485 9600 6090 7145 7068 2648 9589 7532 4538 1529 5973 5225 1767 4433 7072 9708 1743 
27 8055 2713 1031 3720 5570 9842 3215 4178 5712 2283 3437 8108 2714 6684 4199 9700 1087 6714 1982 4044 7116 5315 1803 4155 1566 1229 855 
26 6299 9751 7396 8885 7890 9527 8324 6543 2888 1708 1644 7174 4761 5744 4673 471 5732 2905 3081 2690 6571 7502 4056 3594 9304 852 
29 2804 3432 6122 4601 5550 2764 6385 1193 159 8436 8184 1872 5089 9909 7355 7505 9107 9163 1053 5777 8215 9379 2210 2044 5257 110 7647 4426 7046 
37 1670 8484 3904 9707 5036 4808 3567 7452 1157 452 9803 7799 4192 872 6075 6511 9746 1124 4203 5952 4435 509 5893 1780 530 7473 1536 607 3580 805 5779 7178 7508 7021 3766 1376 1032 
30 8705 8848 8020 2808 1916 3710 3825 5822 6547 8060 3356 1906 5206 899 9301 8428 4742 7657 7753 9578 1754 8496 6935 1007 1079 8323 4507 6525 5403 676 
35 6372 1004 3902 2788 5800 3731 9477 5760 3083 858 4854 524 3716 4073 7468 2470 8731 3148 7667 9651 3515 2583 745 6199 4008 8687 4660 2246 5042 997 1731 2313 6998 2342 6662 
38 6703 3028 1795 2730 4852 5484 2507 6285 9801 4216 3393 9183 7612 7356 7531 3355 9490 5079 7862 84 8771 931 5971 7620 9921 853 2660 2492 8052 5518 913 7333 395 8234 9103 942 5285 5201 
29 5142 7603 9257 3280 4804 6520 1937 1662 7630 3895 981 5883 6339 9362 4835 8399 9747 6171 7352 9608 8613 7438 140 1878 1406 1570 6098 9251 736 
25 3238 6093 404 6481 9478 8082 2584 5599 9242 2285 6015 540 4755 5748 5566 8909 513 9653 3680 1750 8578 6112 9454 5250 2260 
27 1274 3311 4674 6426 3490 5809 2573 3763 4786 4737 1496 7395 9143 6192 1777 4101 6830 1060 3926 3786 2927 3718 3534 5605 3059 2526 5426 
29 7955 5472 7919 9971 1378 5700 5258 7758 3475 6007 5083 8299 6248 3932 9689 242 4278 6156 6025 4429 456 8874 3890 2869 1237 7980 4334 8798 7553 
27 2919 9227 1553 4666 218 4842 923 8981 185 6724 5137 5796 1857 6549 195 9569 5049 588 0 4946 4143 8039 2757 8947 5575 600 4782 
38 8290 6643 8587 1546 8517 9350 9238 374 9180 1506 9828 5384 2591 5593 3972 4481 5726 4026 7853 8841 9732 126 8882 5557 6477 3613 623 914 7949 8049 6155 7000 668 8876 5795 3316 5911 5221 
38 1434 9034 6369 3058 1257 2318 9196 1682 8620 2917 8627 2250 3524 4555 7767 6085 3247 308 1426 5930 8034 3857 2 4333 8974 7631 4398 3708 491 6366 7260 7444 151 5623 911 6865 9016 9723 
26 7318 2215 3285 3220 9153 4559 326 5985 5517 5899 3628 1544 8018 8417 7 1117 6395 4749 7732 6690 8030 4860 9236 2668 622 5902 
30 6241 7571 5333 3207 2085 829 365 1524 3113 6413 5645 1467 2626 4969 5349 6484 4298 9084 4196 8338 6730 3343 7876 4130 4337 2987 5966 6708 8054 2992 
44 3016 2531 7992 7857 2855 3679 9744 6668 470 5126 8637 1941 6209 8671 1642 4641 7990 5187 4078 4801 4387 2235 4772 8437 9684 1986 8328 5340 1574 5975 2503 9050 4682 5242 3249 3791 6316 8284 6315 6183 8871 4605 4732 6619 
31 9910 54 8800 5410 6915 8831 105 4891 3469 1975 7604 8125 3281 8415 2625 309 4344 6104 3284 5057 2354 158 5059 4190 8276 8738 1101 3946 650 213 2796 
27 6262 3202 6873 3984 703 6790 7577 8229 4418 8917 8891 857 7113 9134 6635 9755 7063 3233 4942 8021 3228 1636 5866 9675 1648 4090 2719 
28 4092 1264 5466 5523 5030 2450 1112 4236 4748 7091 1659 5396 3190 2026 3639 6412 7842 9386 9085 7769 8395 2910 57 8789 5014 7019 2358 3906 
38 6475 7952 1076 7119 1260 2408 5459 9330 7236 8168 1338 7483 4080 515 5654 7079 3361 3970 9915 9132 7442 3828 401 4846 3867 8386 6924 4057 682 138 9086 964 3753 5417 6947 9656 8666 224 
27 3442 1646 3257 7098 5277 7929 995 7993 8427 6702 8126 4596 16 1763 6965 7887 6706 6410 3126 9329 5649 7520 7366 528 6812 4695 3671 
38 2107 1052 8094 2805 6341 4905 2304 4023 3100 5937 2247 6956 1494 4600 4220 1840 3044 6153 5710 8017 7035 7121 4292 2988 7984 1605 837 6250 1238 3982 5438 1652 5470 5872 8458 2623 4297 2096 
21 9281 3683 399 5682 5235 9398 3199 3962 5237 5963 9357 1806 1660 3850 7316 3276 1549 3572 8148 3246 9548 
29 3949 4111 143 2041 7212 6594 7384 3612 1993 2425 6354 5163 8928 8927 5394 2105 6945 8467 5749 3815 2101 9996 8825 1813 6304 2824 6325 1433 832 
30 2227 427 7880 9061 2441 2367 8421 3141 1973 5020 316 4707 5969 5281 1568 6633 6995 2339 9458 3959 652 3068 3979 4716 1972 7042 8156 7436 244 1103 
28 5293 4263 5858 5767 5771 1858 4649 4271 5112 3047 8987 7825 6586 3009 8186 2027 5098 7107 9404 6172 863 4584 9310 7023 9989 3525 9837 4820 
29 7411 679 932 5260 32 2585 6038 1511 1177 4989 2035 1305 3529 690 6698 5852 9266 500 5826 9526 4894 7010 80 7895 1697 7597 8752 3909 2930 
33 4477 3289 4900 6329 5489 1791 1567 8519 4906 728 4489 7367 2721 9019 7677 955 5397 7725 7941 7510 9593 9556 4800 9553 5461 4822 4201 4902 3839 5648 7777 5359 5715 
33 1921 5755 3119 5650 8523 6406 30 2324 6709 7261 7162 3682 7226 5226 7012 6079 8862 4511 8824 1599 582 5542 1654 6240 2841 2148 46 6567 9201 2632 3769 3416 9643 
26 4850 5552 1861 9442 5509 6330 6620 1281 285 6993 4911 304 9168 7099 9495 2403 9768 723 1578 2046 5497 5555 5620 4194 928 5479 
26 6212 8355 7335 8388 3650 4513 7474 8660 8236 4887 4708 2896 1351 7013 115 5487 4470 68 9884 7865 64 9267 737 8440 8409 1756 
29 7859 7947 1466 7292 6358 2317 9334 5766 116 8127 9728 1481 1725 5886 4945 1045 4479 4735 2428 936 1643 3404 440 1786 5284 2033 9109 442 4474 
15 6992 8989 6322 8951 4563 4030 3027 2149 4247 6618 2383 860 1493 6907 1415 
32 3388 785 5538 6272 3295 4557 3133 1110 9938 6961 5677 9618 1159 1704 5534 7611 3762 8664 5314 3777 7559 5363 4042 96 9711 4956 9452 9309 743 568 7310 1215 
31 5325 605 6317 6165 9831 1903 1687 656 731 2378 5440 5063 5782 6306 103 3691 7422 1240 4683 8463 1429 5151 5434 5953 3960 6473 7923 9325 6210 3928 6556 
33 7289 4395 1141 4987 5884 9296 8177 9784 5873 3209 1717 2326 6704 4205 1325 5405 5367 2889 236 9709 5421 1703 5604 4941 5585 9494 6679 2542 2232 7581 8717 5964 9597 
37 2819 4373 751 6201 8258 8194 7272 2244 3366 7112 8870 5401 8366 6107 8740 4621 5733 6707 6921 1471 9114 5092 8665 312 5912 3413 3672 4431 8067 9206 7017 4924 7836 5415 7440 6443 5478 
35 3411 1545 4172 396 705 1176 8224 1088 9942 6726 2299 1584 8163 4693 9275 6078 3129 529 5804 3577 240 6149 9421 4248 1389 4703 1243 7179 2505 7897 9572 2439 604 7750 473 
27 7029 6089 2256 366 2748 4409 7239 3581 9001 7040 7114 6996 9537 1981 4456 6307 6022 2071 579 461 1609 7401 2426 9374 8845 5651 1078 
23 9966 3454 214 7130 6056 1028 8628 7481 5569 2421 5208 1530 2293 4476 7243 1203 5452 8649 1490 4229 9587 6760 8642 
25 8993 2302 3956 1951 3317 8850 6538 4699 5906 2544 7386 3108 9162 9280 7345 6893 8449 1884 7796 1439 8543 1700 6774 8653 9582 
26 9576 8926 4379 2475 7265 8205 4988 1245 2229 5730 1602 438 1334 9712 5598 3407 2798 3262 5309 1001 6220 9697 1465 1562 7609 5332 
41 3195 4291 962 7409 4799 6984 9449 9622 8475 2163 4473 445 8305 3562 7564 6914 4034 3487 3651 8117 221 7688 496 7585 3827 6011 9053 8173 7575 8691 517 8152 1631 7151 8749 2549 3723 791 6490 2139 9214 
30 227 5947 8806 5751 4084 136 946 6994 5247 802 7596 4385 4931 9345 3138 2423 9332 4783 1040 7699 5537 7672 53 3479 7011 2347 35 4622 5214 52 
20 9113 2550 1224 6147 1657 1829 642 4450 721 1733 2530 3297 6418 5469 6515 2055 9856 7998 1050 8095 
31 7743 4765 6276 4521 3466 8282 786 7219 6762 6741 8438 9963 5236 1463 4352 8400 8516 1197 4524 6207 879 8196 3687 3186 563 1849 5167 1302 1162 66 2953 
30 9822 4231 3506 8950 8181 6302 4964 4281 4475 1480 8053 5311 2959 3939 5576 3498 1314 5691 9718 2482 2434 3030 7937 833 8370 839 17 4752 4174 3347 
30 2941 8090 8960 5924 9676 8472 1437 7838 6743 7881 2739 4836 360 4982 6232 3086 1962 6127 2472 39 1297 4052 2867 1329 7943 729 1866 6312 3500 8571 
28 7389 331 4195 6647 777 5243 3976 1976 8795 5124 5261 5065 5581 5490 2279 665 3788 4109 1729 7830 1009 2737 8081 9688 9193 7006 2902 5016 
24 8893 8214 451 1710 5048 972 4294 1557 8880 5253 101 3930 8711 495 320 1492 2643 9789 8813 6169 5640 889 739 811 
33 7519 3392 5977 8865 5584 3150 5173 1688 9033 3381 3071 3338 8031 9626 1778 3118 7083 5805 3998 550 7770 2972 957 1010 4482 5713 1375 6432 7888 3800 5045 551 8941 
20 6803 5321 1331 4698 1827 7062 8311 6376 4138 2365 6749 9121 3139 9779 5120 9588 9682 2801 4577 1724 
23 6883 5197 4645 8630 7771 6917 1322 1346 717 9750 9244 3408 884 1537 2343 9958 6934 8322 664 2641 3130 8690 6278 
27 4868 5308 7170 6574 1559 4667 9405 9223 9402 1922 4947 5347 1809 2240 9560 5708 4591 117 2073 2018 1067 941 1917 7237 2453 8526 5631 
24 7785 5693 5646 403 6191 8741 8297 2597 7765 4792 8883 6801 5512 5150 8888 8277 7402 2312 9929 7542 162 6765 2394 1073 
31 2271 86 9832 9655 7073 8607 3803 4813 6114 2305 704 9207 5358 34 4995 2187 7033 206 7685 8138 4896 3038 1409 3924 8174 6492 8350 3516 948 1003 1046 
28 7233 2093 3305 263 7258 209 191 762 7201 3064 2144 3654 4758 6529 77 2462 8448 9628 6575 9703 8216 4154 4831 8296 6342 5527 4269 8982 
32 8480 3616 2672 2995 2225 3040 9936 2504 2483 6629 2119 1759 8058 9843 9000 581 3898 8003 594 9092 596 7467 4204 9062 8404 3842 5967 6453 5185 6108 3750 8267 
32 784 6239 9500 2983 2986 6016 8944 2088 9872 4898 4166 7706 3340 6224 4366 7232 9148 2037 6140 1126 4175 6864 8766 9416 9484 3167 6800 4021 3000 9467 2524 4594 
28 8389 3617 7690 7826 6940 5234 6095 8904 4702 122 7593 8688 6380 7482 5698 6482 3568 5980 497 7067 9438 7143 7774 2289 2980 3296 7485 1360 
27 5366 4483 3779 9447 6129 6337 8567 7697 4760 1943 1118 4103 4714 5643 6441 9066 3088 5510 4604 3738 8784 5823 4356 8889 9998 7045 2766 
26 9039 7755 1610 6154 8217 7311 3460 8971 3925 7636 9224 3901 4122 7727 2985 9046 9186 3641 8890 7817 873 6659 6899 6213 9550 8222 
39 8107 4517 6497 48 4810 5348 3163 3292 5022 7991 5457 5876 5687 9535 6308 7376 6617 5342 3420 1075 7643 1826 7048 1085 7155 3991 1209 4106 9937 3701 194 8908 1802 8143 2021 1639 9736 1397 9200 
20 6599 168 7989 6972 6001 5256 1673 3640 7780 6712 8263 8590 7513 8548 9654 8139 1779 8684 6438 9633 
20 9197 3419 3124 5933 7049 4267 518 7724 6403 6043 1416 3080 602 910 2008 4771 674 7601 7213 8996 
35 5136 4853 9501 8244 8333 7466 1876 7640 9733 4120 5719 4975 3813 9433 7205 1173 2993 7404 8699 3742 3239 1029 5492 6664 6828 9706 6826 4202 6835 9133 8861 9523 5895 3569 9389 
23 7270 5431 1091 8431 4085 1299 8198 6091 5784 7586 7635 4282 8854 3132 907 5672 5563 5666 1236 6414 7751 6673 5629 
29 8808 1819 4501 7957 812 3878 433 9096 6716 2963 4832 6423 8261 597 7534 7325 1805 2004 2971 4774 2645 5240 1850 6773 3968 8792 9786 4016 5797 
40 6200 5474 1681 567 536 4093 3893 163 8301 45 7493 2146 7357 5948 1551 3236 2825 9306 175 4110 2233 4794 3069 2887 2276 4546 7863 9899 292 4579 3570 7816 1152 5468 6573 4118 4173 5436 6338 1910 
33 9476 5992 6105 4626 9359 6595 4766 4464 8114 6476 3019 1744 3551 1393 1039 3814 1556 6788 3826 9785 585 708 2407 8815 8629 6636 4689 2576 3334 6539 2296 3821 617 
27 2231 1995 7076 3185 5144 363 1295 9678 120 6609 6087 702 5935 5524 3391 9204 3987 6695 5974 2954 3155 8045 8037 2074 1359 6606 1702 
26 5675 4277 6051 8070 3531 9417 2611 9906 1543 4480 8025 9217 2960 1000 2921 1133 2286 4064 834 1701 5729 8087 2778 9512 238 4145 
24 1882 9993 9668 4913 1444 5519 5251 7025 2552 2527 7744 7555 147 9661 2040 4858 770 1018 9141 9871 6699 2599 6578 6912 
30 3798 3950 1144 8187 9504 8695 7410 8473 2981 8712 1196 2845 6786 7873 3433 265 8262 3883 7207 2039 1372 2201 2826 7737 8817 7602 8633 7374 4074 5259 
18 2076 9110 1108 5011 9867 973 7137 5717 891 5077 7120 5759 7523 6170 441 1874 1611 5002 
20 7309 8406 6843 3135 9129 583 663 4651 3096 787 9346 4274 9144 1473 6496 3724 7022 3542 6437 4697 
28 1037 7868 5118 7181 4509 7689 9538 9290 1732 1002 2192 2691 7158 6067 2725 3765 1669 532 4218 7276 4461 542 7728 9136 9674 7621 5198 2702 
33 5758 9925 8453 7671 8847 6740 3488 6621 8827 9685 8911 9805 278 1774 6616 7139 4721 5199 9808 9939 1960 1074 9354 8246 1727 457 1552 8193 1290 8574 7095 6152 4819 
27 4925 5915 2699 1852 7574 9158 7020 9237 1345 8504 3402 1808 9881 8761 8001 7183 3337 8775 5192 1814 616 2700 6840 2115 8793 3810 8462 
35 7254 7124 4903 7516 2267 3875 5220 7653 7843 4212 671 1820 1072 251 8010 8203 2418 8830 909 3046 3747 407 9672 2379 1241 6144 2288 7028 4670 9078 3378 5087 1061 9545 4757 
26 4791 3549 1500 6808 3306 7624 7210 3165 8213 7971 8286 9844 7351 5889 5951 5515 4996 5404 9212 9307 9347 4285 5203 7194 1407 7563 
27 9159 9987 2010 2251 8056 5110 5642 8604 3441 1768 3644 2287 5539 4370 3094 129 8856 4541 1706 1640 2116 5878 1293 6256 818 6542 1223 
25 7144 2310 6521 774 3996 7953 5892 2997 8881 3106 6502 8753 5161 8384 412 6596 821 919 7909 4275 7257 498 9905 1488 446 
33 4330 534 4040 6700 3214 4960 7928 215 5857 5548 9766 4633 6645 1550 1139 757 8685 4388 418 1099 8605 1963 33 7809 5871 7439 5674 2151 7905 1718 9715 5867 8729 
26 1008 2075 8223 6895 8079 6164 4372 9469 7512 9949 9473 5901 5734 9671 4967 8949 3953 3197 2528 2915 5335 7041 8008 3951 3384 6249 
29 7808 2568 3396 377 8147 2341 4149 7469 9759 5300 4884 385 2593 2443 8050 9930 6503 8121 2430 3773 9935 258 1764 8803 9102 9991 8269 7322 123 
26 7166 5836 9499 1707 4469 371 2448 4406 2380 8255 4618 4157 3457 6313 9555 6234 3973 8788 800 3453 5783 8332 1217 9071 7702 3253 
35 6243 8716 6263 9927 4839 1864 1695 8953 1024 6951 3526 4072 171 9617 1572 8071 2675 3865 4038 6266 9164 7070 2062 2158 9570 991 5305 1739 3458 9408 9926 7327 1341 4037 3663 
31 9670 9554 2092 1634 8692 4592 9968 9209 926 4382 2226 7278 7823 3187 9003 12 2297 9030 6683 1758 2873 9122 584 3331 7930 8477 4984 5052 2711 211 1598 
29 1988 7966 1374 9256 7109 1232 9794 9031 4478 2332 7298 8796 7762 3656 8365 9774 5945 6431 2994 1665 9640 7970 716 6019 7820 5411 5054 477 8833 
36 2242 8242 8938 3143 2338 6842 6189 4255 4069 2789 881 2840 9845 26 4573 9911 3203 3267 4376 7290 773 3294 3994 3751 6359 1508 7285 1736 361 2743 4968 1625 4208 6215 4393 883 
30 2266 5377 2386 7238 297 118 23 6429 1047 4003 7828 3700 1469 5764 8483 4384 4140 8364 3513 1048 8934 9149 5184 7566 3647 4566 8569 3609 4859 4647 
32 6581 3638 5025 1230 8316 280 7176 7197 1195 9602 2515 5600 4671 2957 4188 9106 4657 5336 6247 3744 4326 6680 3541 3860 3051 6225 7618 8562 4342 9840 7479 569 
27 3622 2327 3339 109 1323 7864 7866 8700 5066 4331 4117 8636 7134 6052 6734 230 2929 6333 7679 4583 6516 5422 4628 3837 7882 1812 356 
31 804 6553 9924 2782 8325 3564 2601 8097 7655 2952 1618 6918 4187 1242 7730 7773 3743 7014 4249 9739 1770 1244 8443 3021 9521 7670 4814 3608 1478 9028 9849 
30 2832 5483 9879 5735 4561 8844 142 2569 1394 2176 4631 5442 2812 9115 8998 2481 1275 9952 4534 3232 8547 6109 8390 4713 1633 9610 2488 1261 4079 7938 
25 722 5051 6728 8508 1284 2733 817 2578 9182 2866 6665 2368 4306 9505 5248 1271 1107 8599 3448 631 5046 8563 7648 9748 7804 
21 6820 6023 6326 9023 13 7008 7983 5000 165 8702 7406 8846 475 6561 5881 7328 4675 8840 1909 287 5750 
22 9533 8603 3501 2818 5501 3006 2113 2823 5213 3109 8371 2964 2030 1959 2189 7342 3149 141 364 5997 2217 9513 
26 8439 2079 4615 6632 6888 4321 4739 4068 5378 3824 1883 9248 344 8416 4098 2353 4937 8894 5540 5331 398 3180 7878 7995 9673 653 
30 1983 557 4091 4972 1587 9339 4981 11 9621 6799 9880 8581 6859 1041 5035 6933 7427 9727 1912 145 3065 4031 8015 8733 8936 6560 49 8237 87 3712 
32 2620 250 8361 5323 2767 276 5068 2465 2512 6227 8698 1304 7358 6911 9074 8611 4304 1823 6391 3887 2070 8658 4049 4500 963 169 8078 6663 1485 5205 2335 6506 
40 5322 8668 1933 5024 4053 4893 70 5369 383 2284 4717 1222 4809 3025 7922 6614 8826 3067 7940 3896 7118 9378 3685 6467 4589 2194 1114 2315 5231 3737 1308 2153 4200 2059 5306 9328 3983 2329 6815 9796 
29 2753 3974 1715 6028 4790 4784 5894 8259 9418 9946 5628 880 9788 9639 254 5345 7713 3684 5078 7434 4308 6778 4508 6968 9664 5072 7324 8534 947 
25 3969 8612 789 5597 8774 3931 9887 9606 8358 2870 9057 8315 2200 2152 7678 9172 1404 6653 2257 7346 1994 7715 5477 1977 4815 
27 7622 9080 5683 2191 7057 1411 5406 9042 6181 8501 6593 7518 8357 4237 9165 4821 9636 270 7800 750 5329 8394 3152 4632 6948 3412 3045 
21 7377 4522 7786 107 4736 8479 2903 208 3329 8618 4046 3456 8837 8667 7200 3120 9341 1899 4017 4944 4258 
18 8144 6677 406 8452 8298 2706 2451 8279 5807 8956 7059 5932 7125 8432 74 969 2895 2810 
28 3473 561 2596 9596 3111 9778 9649 4131 2043 425 6061 2471 1740 8182 924 7296 4299 8314 4227 2452 3146 1641 6535 7867 7499 8939 5298 8707 
31 8401 8625 5990 9385 2490 3778 8309 1968 2638 8963 7944 6265 4467 8209 88 3767 3325 4827 5636 7965 8511 9631 869 4412 5652 4312 6126 1006 1533 6611 2916 
30 5562 7663 5926 7644 144 9181 8866 5709 4554 2646 9475 2827 5611 1817 1499 4983 8250 2551 5439 8132 3256 1201 1030 3590 7656 6819 1436 2395 2351 8426 
30 1622 7414 2117 2307 3754 1862 3050 5504 2670 7016 1593 5829 1497 2642 1915 8842 28 5529 6301 8829 3965 4153 1565 7373 9131 5356 4882 4638 7267 7271 
37 5522 1617 6508 6259 7453 4009 4865 5475 8544 6941 5202 8560 1521 3031 8137 9592 9112 4527 5591 7504 2838 325 959 8408 3892 1762 6499 6186 9295 6296 100 4112 5870 8565 7105 167 1575 
47 3497 9065 182 775 2689 7295 4668 436 2996 5549 1658 7015 9934 1907 1991 4921 672 1449 4535 7227 7633 5200 3115 9363 3036 7827 8260 305 8029 9032 5389 630 6365 2562 3008 7615 8387 9188 7471 3503 6669 9353 4287 6858 8728 2022 8901 
31 2892 5544 927 5981 8554 3376 5094 8451 8123 1220 3244 5724 9980 3054 8201 5419 9502 2856 7458 4838 8379 90 3105 4684 249 5808 2034 4161 8191 6378 8346 
31 9041 6710 8345 9995 2393 2416 5174 3439 4843 9666 2958 1737 5684 3445 9091 949 1601 1266 3313 8 9719 9472 3405 8778 6167 3243 3373 5382 4243 7117 8682 
35 1769 222 8678 9099 4066 2914 3468 4420 2028 5326 5416 8491 7588 5091 2636 9777 1165 1318 271 9069 5607 3699 6459 5526 3681 978 796 3429 780 3210 6903 8456 6290 8330 3171 
27 1090 4441 1065 6292 9274 1607 5958 621 3328 6805 5612 9283 871 2909 9228 5373 2665 809 8903 6360 8836 4603 4327 3610 8007 2893 8879 
33 4856 3784 8499 593 7461 934 8104 6350 8970 3862 2031 2951 2781 1579 6474 9391 9615 4320 637 1373 519 4734 311 4727 1719 9355 8004 5437 9397 8341 9669 9300 7069 
28 8539 2173 713 1856 1539 1554 432 8241 1503 9677 2497 3117 1104 4011 9511 3591 7509 9510 7097 7218 2814 247 5843 6648 4724 6701 9877 9823 
24 4399 6929 9604 1800 3584 5638 6222 7548 1410 8528 2901 7814 3511 4617 408 1677 5101 3386 8444 6254 8204 9772 7032 8532 
37 8656 8694 2056 613 6219 6311 1036 2186 1990 450 1860 1096 4238 8549 3914 9687 8199 6585 6737 340 6870 2926 9361 455 1679 2723 1136 5855 4241 4962 2786 7393 669 3298 8757 9562 3234 
21 3212 7926 7541 9005 2566 8912 850 5143 8043 6536 4302 2956 1678 4553 6053 2540 8014 3864 8310 9051 7521 
25 8033 815 3048 3771 4063 5830 1106 8673 8533 5155 2558 971 9098 9713 8009 3226 3061 4404 5070 1306 5868 9466 1596 7234 8735 
25 4523 2703 9885 586 1672 523 7960 6356 3011 6640 4405 9782 7341 5357 336 8807 7981 9864 4934 548 1453 5995 9371 8142 3060 
26 655 9460 3033 3944 394 7527 7370 5999 2072 778 6746 5740 6446 3519 8743 8602 7343 269 8295 161 6174 9029 6603 799 5304 9333 
19 1664 9895 9522 4014 6946 5043 7793 1403 2384 5100 9811 319 9178 4662 5350 862 6123 4341 9377 
26 2639 3093 5814 2724 5773 575 6485 5835 8922 8344 6846 2966 3389 2933 2405 6187 4890 9072 6198 965 9791 3368 7964 6168 5832 4974 
32 22 4219 4959 4280 6546 1947 2715 1155 2754 5443 2091 3177 6036 5312 7606 4652 8843 9978 8256 694 2298 5535 1946 8990 526 4288 6853 5762 7086 5488 351 6754 
33 1782 3492 2476 7274 3631 7160 7802 2539 2045 1005 5960 4895 6977 792 6937 15 6054 3711 3812 5482 8895 181 4504 9171 4883 4444 9170 5571 9365 566 7605 598 1454 
26 4826 3804 6321 7977 3459 3517 7599 2155 8797 4246 1893 3174 1830 2806 7856 5991 127 9116 5934 9962 1458 4283 9540 8805 4529 6471 
23 4251 5055 5837 7092 601 400 1094 4630 7334 7789 1911 2172 1838 9395 1974 3840 2795 5671 3545 7172 1027 2747 8100 
23 50 939 6930 8897 6813 9020 4552 6949 4197 8086 779 3183 6763 5910 7225 5104 1734 2136 9446 3147 4338 7805 7129 
29 2060 7958 2752 4986 3756 7480 7407 3137 8644 1343 6671 870 4206 443 2844 7683 7247 5071 2920 8555 149 5505 7537 893 8977 5476 9335 6513 2382 
33 2574 4825 1438 8972 6692 8490 40 4397 7488 9429 2732 3206 6983 6612 503 5503 3811 1612 2133 5635 8595 8166 2140 1160 4272 4961 6045 3066 3587 5554 5506 759 9108 
24 4543 8570 2582 5556 2800 3440 1401 137 1149 2094 4586 6097 7369 6545 5114 4531 9745 5494 3775 502 1282 389 3032 7910 
29 6013 3227 6003 1145 3830 9382 861 1288 5903 9922 4158 1122 5168 3496 2058 5586 7477 3085 985 3101 4711 6279 2391 434 1898 9 3662 466 2634 
28 9702 8609 9027 6831 944 9581 9730 8616 9305 7837 8780 2898 476 5574 1425 6528 5272 1460 447 711 4245 5741 6465 9954 2323 8932 1102 8763 
23 6875 5374 2603 2179 6180 1022 4685 6452 8931 9259 367 9364 9809 7215 4542 3981 6661 574 5317 1180 5379 4520 547 
22 5656 9985 9897 7529 819 1751 2322 4396 2496 7749 9497 5686 8398 7617 1204 130 8407 6197 3494 5061 4261 2212 
23 2485 3623 6745 7399 4544 5508 349 2666 1675 7222 7544 9566 2069 3097 6131 492 405 4710 7459 2697 8413 8471 3861 
32 6399 9763 9507 849 2878 1626 6769 3657 8220 2336 7921 2969 4455 229 7754 9303 3913 1309 2671 3903 7756 580 9008 5176 4611 6637 6021 5392 4828 1691 7659 7790 
26 7810 8023 4468 1258 44 4834 1405 3491 3755 8708 1847 8858 6638 1686 7967 3565 8557 9894 3128 5219 6782 5860 3272 9190 4866 6957 
26 9340 8088 3558 4351 6715 6457 8374 9679 1709 738 807 3646 5972 8228 3547 4973 5986 5159 3026 657 5988 578 3004 684 8910 207 
26 8495 8012 1590 7813 8040 4875 4795 6309 4797 2436 2734 5364 633 1417 4451 5905 4549 9399 5241 1645 4550 771 9520 7560 8423 272 
29 6253 3144 7766 5624 3912 2673 7693 2765 5697 6427 2348 3532 4345 9014 7102 4990 1592 5511 2661 5728 8000 733 9625 9721 7196 8804 9311 5896 1019 
25 3992 2223 5614 8621 3451 5097 5146 5337 999 3365 9387 4424 6666 2132 5965 9859 7567 2207 7245 7397 7963 7312 1797 9043 8218 
34 8580 7925 2357 328 3010 7920 3112 1414 4575 3225 560 1885 4055 3380 823 9230 4680 9531 2736 2785 5655 6479 5824 4867 8999 3346 5819 257 1435 1450 4305 184 901 2523 
30 7036 2536 7392 2559 1385 4425 9874 9392 4861 9383 1270 9780 3387 4648 6274 3557 3538 9202 6383 9247 5249 6979 1289 2243 6119 3818 9724 6267 9519 6008 
25 4417 4156 8293 7494 9367 5925 4636 2911 7323 2899 4936 666 3977 4225 7539 6568 3922 8617 9850 6394 2773 6324 5754 3988 4453 
36 2720 1810 7096 897 3955 9738 5664 543 179 1147 6390 8257 4754 8719 806 3362 9752 3478 3844 7536 9480 7456 7538 1647 9764 670 294 3980 3012 6817 9435 1841 1413 8308 8110 3397 
22 9145 8718 1421 7710 274 795 7889 486 7772 9436 6404 8657 6269 4419 6334 3593 6814 5125 2560 8566 6900 5781 
26 6440 2698 8730 8351 900 3221 4565 2517 755 1033 5558 968 332 5006 6598 9516 5727 7004 2020 2054 177 843 8726 3579 1822 9327 
30 922 197 7801 8349 9799 4322 6318 5480 6300 6559 2570 9567 1888 904 2081 2513 4935 1836 6362 1364 2508 6783 388 1156 2989 2006 4775 4516 6768 6971 
35 590 7071 1319 6082 7280 8150 825 3770 9431 9264 4400 2218 255 6681 8822 6072 7202 7726 6083 261 9907 6913 4773 157 1268 9543 5565 4012 3802 4323 7701 1249 3242 4083 7682 
28 2968 4939 4587 3929 8092 4726 5252 1123 5520 5019 4571 3308 2415 2595 5316 3796 6729 6184 6346 1014 2525 2389 4126 7717 9167 979 1354 7363 
19 2849 1918 4127 7619 2402 8065 9542 1130 6764 2679 4434 3258 6074 8834 725 6221 2300 9222 8887 
33 6759 7587 9945 3260 6498 3349 3664 7707 2123 1623 2740 7787 7326 7378 2875 8002 2205 246 7206 4637 7660 5545 3652 5601 7398 8077 2581 7379 2047 8140 7268 4608 4307 
32 8446 472 886 1202 874 2684 6065 1140 392 4613 3428 4445 1526 2440 9943 3075 3760 7163 2469 5944 1576 5181 3427 3110 153 3198 6245 7329 1081 5463 5099 2882 
26 7344 6850 6099 2792 3161 1965 2635 5699 6344 3921 8245 952 4350 4002 1934 726 9279 6711 6163 6981 7849 8381 324 4423 3002 1058 
28 7874 1451 7229 379 4597 9154 8585 9515 9459 9902 3603 4518 9445 5913 5703 875 9422 4985 8115 8233 2610 747 2586 2858 9380 6055 3231 2925 
26 8111 6942 2473 507 131 5681 6686 5938 4805 1581 4268 1792 9047 5429 5127 4025 6809 573 2127 4957 5297 1441 3868 4643 2498 610 
26 1746 587 7031 3823 6319 8790 9288 2433 908 2128 27 5183 1798 6133 9855 2065 3764 8212 8961 7313 5982 920 5874 4741 256 3512 
22 1179 5210 2653 4750 2435 6685 4582 4778 990 4349 1630 7608 2783 9875 640 3856 4510 951 9262 9967 8136 6577 
39 9848 4715 3374 5103 5353 6588 4024 4367 1043 9120 8185 2253 1684 9403 8853 3217 7246 6363 6626 3241 3283 3345 8073 6582 8748 9323 1228 9104 3575 111 9964 9157 5573 7834 9324 380 5627 3127 188 
40 8375 8734 5269 1491 9127 9613 3502 4878 4997 9591 6587 3077 4915 3881 3103 7915 8454 9022 6148 2793 4314 1942 7861 4466 603 2270 6494 2629 4125 7354 2667 8313 3696 6958 6039 9729 4414 9381 8189 4780 
15 9585 6424 537 2419 6564 3369 4756 1190 5817 766 6379 7492 4569 2120 9919 
30 3426 2859 8655 1082 4991 5922 2387 3527 7421 5189 1789 3636 798 6973 7413 4610 1055 7936 6811 9194 4121 112 3658 1456 5465 2991 1356 1398 882 1730 
38 9957 1189 7142 4901 7264 1487 2935 8455 7975 2432 7249 3307 742 6928 7220 7851 1846 2002 4888 7705 8820 5433 564 6804 6160 2261 5093 3785 8794 3879 5595 91 4318 5420 1865 7600 3089 7956 
25 1932 6357 2374 3961 3759 1722 4745 5229 5038 3107 6336 2693 2594 8510 2759 5898 9889 7589 3463 9241 5179 9161 3530 4764 4454 
27 6389 8145 4879 8360 4239 2731 2098 8005 6570 744 9969 3595 9611 2325 72 4265 9208 7146 626 9680 5491 5428 5909 1326 732 47 6190 
32 2083 7711 8531 7700 1092 727 275 7266 5062 6185 2427 2674 4459 2180 5273 6867 7131 521 237 1651 5017 9683 589 5264 6833 5013 2019 1262 7437 1342 4446 8878 
28 1757 4082 4789 2053 2799 1956 4392 5400 2553 9836 9139 4295 678 1191 6375 7694 8860 5641 2990 9265 546 7651 8122 2087 7634 7251 692 5178 
27 1564 1913 4191 2103 6969 6420 3379 8988 810 7500 7169 5844 1495 8852 1248 9571 1071 8059 8373 3303 8335 970 8329 4574 2771 5053 6066 
25 4324 2529 2340 1486 8832 6531 8747 5821 6890 9210 9094 7985 5123 6121 1206 6624 7135 831 5295 5 4142 4010 2543 2502 422 
25 3523 345 545 5543 7573 3653 9087 2500 8745 8583 4235 9319 6063 8652 935 8721 752 4369 6758 8321 9450 511 5195 3275 6691 
25 4390 1842 8521 6897 7747 3854 6458 7484 8271 571 7896 1294 5391 7738 5148 1881 5897 6059 7775 7674 8507 1225 7741 5111 7364 
22 4260 2258 5564 620 3168 4966 9714 8540 7320 4177 8966 2630 8869 1851 8575 854 2768 2291 2664 2011 2538 8720 
32 4054 4354 6205 937 5757 6100 2206 8433 2519 8391 462 7716 4070 6374 9852 55 4183 2565 410 358 51 6551 3615 5507 3410 2780 6415 8672 7835 5029 1216 4105 
20 2779 4743 1272 4847 3450 449 8157 2510 5352 3423 5044 6442 7736 8576 6927 2726 3176 3291 7792 330 
30 4378 8118 9313 9757 6130 1186 710 5606 3514 5833 4353 1870 5745 5668 9012 7084 4841 1161 6150 248 3084 6387 8632 59 7595 3989 6208 4777 7336 9514 
22 6455 6562 3632 2399 6660 8164 6086 2830 2095 8378 2048 372 6139 5324 2575 7912 6650 1042 6393 9489 2842 3509 
27 6851 8419 8985 7460 4658 37 7066 2168 1472 6978 3918 3489 9892 264 998 3156 2311 1628 7935 85 4706 321 8937 381 6295 2776 8626 
29 183 2295 7307 5602 1131 9846 7156 5008 9961 3052 5617 2219 6985 3571 6641 9427 4844 7506 8240 5499 1447 835 5786 6195 6625 42 3790 7899 9841 
32 2061 7204 6988 9665 4228 2750 3739 4427 1985 9077 6487 6029 2839 1013 654 898 3245 3196 8512 7997 4927 5670 8254 9858 219 9862 7869 7191 4759 9026 2874 6872 
29 1720 5115 5885 4923 7087 1741 3703 4087 6862 1205 1026 7652 6869 5718 7385 6838 1366 3845 5041 9126 2904 3874 6076 7498 6284 7931 6048 9914 8485 
27 306 6103 7420 8334 938 8779 9343 5383 3586 5441 2264 5667 8582 3286 2356 4043 2554 8016 9620 3709 2663 5657 3090 8896 4881 1479 4075 
36 2923 2165 2272 4910 4593 1199 3776 7549 3264 8353 2890 7524 9213 1964 7284 1113 3290 8593 5039 7165 6925 9015 1137 7503 1432 4300 6823 337 5775 3377 6844 5139 6806 8363 6409 5827 
31 6034 3193 2606 2655 3266 681 4576 2790 1632 2282 4160 7391 5088 2478 6613 7262 2852 4635 6886 3521 7988 4530 6 8586 781 9637 535 2807 8973 2290 1747 
21 8074 2744 531 960 7365 5409 9048 7058 1381 3730 5310 9338 9199 1057 8227 1263 1519 3224 5616 3948 797 
33 9976 4086 5942 554 5723 2541 5424 6775 6101 4837 6430 8165 5690 3015 6738 9465 3566 4953 3715 3630 7806 7745 2078 2885 3406 2717 189 2662 202 7752 5021 8584 4976 
35 7704 5355 4855 6733 2124 3843 6622 6206 7627 430 7649 6031 8537 2406 1844 1279 3752 1211 7904 9518 8550 5541 1952 3505 7661 1212 6938 5047 5271 556 4897 1696 7917 3548 6246 
25 6456 3605 268 1984 3997 9457 4580 1895 7824 4224 7616 2255 1253 9866 2604 2344 9765 3480 5722 5102 459 4889 5485 4222 7064 
25 9407 5109 7472 8158 7684 8647 4 9800 7315 9011 7546 4817 375 4151 5802 4502 8921 9834 4536 4336 5495 3279 9095 8877 9018 
32 1958 3314 8210 4471 323 5274 2853 7764 7408 9245 4676 9609 3017 6398 6500 5158 2361 4119 3350 370 4519 5289 6943 9652 1247 2252 3787 7230 9250 6964 6504 282 
27 5471 348 6579 7465 7632 3172 6628 8751 2659 82 6839 7913 2468 2142 9100 1062 9268 5929 5662 6652 3425 8601 7669 1621 6145 8624 6932 
35 7317 9481 3219 7798 5246 7893 7489 4059 4389 2608 2722 8505 4317 6188 3894 7360 5182 9827 8494 7839 1185 7822 1716 2016 2787 5774 6990 1084 641 4170 5196 2850 1166 5346 3853 
27 2836 1588 5673 8024 4168 9854 8849 9575 1650 9546 2777 7969 1582 2130 8958 7190 9261 7167 3910 4036 7719 4540 3293 9440 7934 5603 2656 
27 628 1012 9390 8553 3589 1824 4609 2822 7152 7299 2050 9580 8899 9142 7080 9239 9662 813 419 2036 1522 3539 830 6954 6402 8327 1845 
26 4725 2939 9119 2678 8461 2572 7132 6530 720 7543 6151 7273 6607 1953 8737 5731 4193 6026 6898 3348 205 7115 4907 3315 9579 6277 
40 9273 9289 5288 6297 6834 5502 4100 7039 8066 4325 8368 3713 7807 8619 2157 2197 3332 4740 7847 3136 1692 6264 4440 9953 1475 3140 718 7424 2110 4634 7372 4311 9448 7007 6866 2195 565 4013 6600 8500 
32 9298 5212 8568 4744 906 1455 314 709 6486 8536 4796 3022 2100 4787 259 7412 128 9563 2791 8727 615 1923 3863 9358 2817 8265 7026 5254 683 3761 6478 2729 
30 3446 1315 5877 9221 7973 3704 5175 8676 6462 5941 4116 5879 6050 2857 3288 9235 841 4328 9192 9437 3923 2835 7361 8041 8252 5245 4585 1680 6271 1629 
33 4933 9863 3145 4912 3999 6795 2760 3722 8292 4184 6576 5132 866 693 5806 7051 8486 4769 4065 8924 1445 4296 7875 2029 8167 8466 1151 6563 7055 2147 4133 8113 3320 
23 6113 6111 2254 8902 5268 5665 7277 1218 293 975 9125 6466 847 9586 2466 4371 3740 4104 4050 7540 9530 730 2546 
28 5848 3659 2424 9552 9049 3443 3847 6533 2491 9258 8589 4413 4421 3795 458 1064 2619 7757 342 958 8340 1344 483 20 661 7417 4785 7626 
30 2438 9059 5128 267 4273 7448 5716 5473 5528 5908 1957 7235 6340 6092 6454 6518 8460 1868 7855 1832 4899 4922 6257 8635 5998 1930 3184 3142 25 2135 
21 9191 5695 1423 1200 2268 6124 9351 7731 1077 217 8696 3229 7695 6517 9886 1164 2847 5500 4226 8965 3358 
28 3250 4661 5140 490 4135 9815 966 2937 6882 421 8022 599 4495 409 1213 9941 763 5738 479 4259 4751 7141 164 4998 8287 6280 3400 4123 
26 4460 9010 7186 4061 6449 8069 7791 1638 14 6469 132 6033 2456 808 895 2460 2445 3271 6143 4242 2411 6871 4581 2118 1585 5705 
23 4928 5227 2145 9426 2385 1035 4048 9825 9410 7961 7959 3510 1513 6396 152 8369 8968 3645 888 6923 2883 2442 7009 
29 6868 4857 4339 3880 6966 5106 1966 2900 1183 8681 3936 4284 3670 6920 8679 5794 2775 1563 2003 5307 4904 9776 6230 7182 9950 9482 8962 8339 464 
23 4588 9321 1370 303 8764 5976 3669 7416 4503 7281 283 1979 5772 7432 4738 4107 8445 3461 7487 7592 2370 2802 8302 
21 6694 5890 2979 7908 1069 8450 9773 7641 9737 1873 2676 4864 6182 9479 8509 6132 7463 5398 2949 4115 4099 
21 2876 2024 4728 2437 8954 7400 9584 9923 1015 1044 4180 8101 4152 5842 1799 335 6012 1188 4439 4776 5568 
19 6656 9820 6818 4015 5129 9420 4462 7884 4163 8410 9557 8857 8411 2514 493 7108 9025 9940 8096 
25 3218 6064 2447 7812 8994 7275 6260 9291 3299 2962 1368 6018 4570 6601 9994 675 1783 2183 3678 1674 7314 5294 1594 6522 8765 
20 5853 453 6283 4276 4401 4004 1256 7556 5164 4688 4677 4963 155 6146 4029 6405 6310 7883 6488 636 
21 7638 7003 5939 5887 9089 5119 4062 940 9793 7435 8742 1317 6689 9982 2607 373 3899 8206 9024 1327 9760 
29 6005 4310 6176 9932 2710 4824 1321 2834 6501 7347 6014 4840 5385 8109 8347 1668 3201 977 6615 2390 2837 1926 4443 3364 2974 2413 9900 8782 827 
27 7426 5169 5056 2637 2328 339 7154 7383 1269 2587 7833 7848 9641 2561 6753 2404 1287 1142 3858 245 4407 7598 3544 2928 3560 5292 2484 
33 1925 9890 9931 5095 7832 1259 3360 8434 6096 8211 4033 6088 8238 6550 7044 8188 7462 2089 6489 7665 9806 760 9138 9590 1298 7148 8640 4978 3422 8474 5116 9898 2025 
26 9424 4952 8992 3098 4289 6963 3265 2420 6345 8608 1283 9853 2948 1801 892 8579 9667 7740 4505 7255 8677 2331 6772 6916 8482 4932 
26 3717 9430 1119 6030 4416 1970 5875 6887 2557 3223 9599 3852 8905 4359 2609 8488 788 6667 6816 2650 1226 7845 5882 4343 505 9423 
18 3483 5188 286 6970 5152 7231 8884 3871 6955 3082 6347 9598 9342 5920 313 7140 2474 7924 
34 333 2237 9896 7293 4006 4165 634 2369 3952 7818 3596 7123 6999 1620 5739 1095 6411 7637 6289 3326 5040 6349 844 4701 5145 6718 9756 7061 3123 2454 317 5778 9847 7168 
40 3104 2446 2495 4380 241 228 2592 8754 8274 5957 2364 1773 2745 2308 414 3398 1656 1365 7431 801 8047 7916 836 4358 7214 9663 3668 8514 7972 3916 7433 290 4207 559 7994 3688 3263 1250 4309 2280 
21 1355 1954 8155 1093 8362 3831 2409 506 2193 376 9271 912 4005 3563 6258 6177 1891 7027 2017 1901 8643 
28 7914 31 3543 8662 8610 5949 6554 7180 9348 735 1291 3774 4918 6597 7185 1728 9573 7184 5450 6827 9156 4411 772 7244 619 1285 6580 4694 
25 7698 9956 3927 8873 864 3438 749 2162 4198 1267 7951 3817 1547 9439 4654 7927 5034 2084 5107 7714 5301 9693 2349 1853 4669 
26 5138 7161 9984 6355 9373 8414 2363 2121 5218 6361 790 3621 4436 5362 2269 352 5290 5639 6293 6238 3919 2352 1886 4607 8872 516 
30 4232 9904 7515 4364 7252 7562 4432 9771 592 6178 6507 6024 1483 3675 119 3849 5888 2605 6770 7208 6223 9532 5950 9974 5134 5085 9471 7918 3655 5262 
31 7768 5222 976 6417 2877 980 2346 2138 5351 1167 454 5994 3846 3189 5834 6822 7305 3806 7987 2049 2658 7486 8704 6986 9468 851 8722 2467 5390 608 5533 
36 5525 9725 826 9917 7429 9838 1150 368 170 3321 1059 2007 6931 996 2429 9583 8639 8552 2571 2066 6351 7986 4402 8714 4254 1523 4095 3351 9428 6852 3352 3252 4067 9331 4663 1978 
21 8306 4665 2677 5265 8839 2709 558 2685 4720 2479 3444 8061 5747 2275 3375 3170 9233 7001 7739 3705 266 
31 6448 1804 5413 1897 2392 8864 3282 7447 7445 2185 5752 6824 5177 1146 9360 1459 413 1324 386 8811 8169 8393 643 967 992 1540 5180 4185 5685 3508 3430 
21 5498 933 7340 7387 1635 1476 7018 6722 343 1100 429 9508 6450 4979 9695 4624 2774 5521 8786 6976 5276 
29 8268 8392 3975 9534 1382 186 8161 4729 7829 5133 73 3692 6922 9414 225 2202 2589 6676 76 9488 673 8405 3573 8868 3746 5678 7650 315 5280 
26 5756 5069 7228 7501 4730 6780 8011 1580 1748 1419 1825 3546 9681 4938 1353 1914 4763 3194 9955 9070 359 4386 6837 9818 8336 8900 
34 3342 7034 9612 5840 2334 8285 6944 2616 1383 5811 2598 4102 9973 986 1286 3431 7948 1848 2862 1109 2680 9232 8048 8787 9644 6798 6073 8983 2618 114 6589 7545 814 4572 
28 8343 6558 2398 279 9308 8867 8051 2612 7127 6841 9960 5702 7946 6352 6644 6373 1726 416 3808 8524 1023 8249 1811 5634 6725 1377 7891 5496 
30 4329 8397 915 4313 1017 4545 7286 1443 5859 5851 3602 3504 4209 1313 8326 3447 6544 645 9140 5003 8773 2545 7430 2013 6717 6906 5825 8772 67 2174 
26 6428 6461 125 2534 2535 4958 6226 146 2705 6287 150 8680 856 2977 4590 5215 4179 7175 4874 8591 3055 4639 9659 8980 8809 1887 
26 9807 8076 8746 9175 277 9630 8356 4148 2480 2214 415 8674 226 6649 3367 1086 921 8929 3625 3728 512 1380 428 4442 7065 3417 
32 5267 5669 9349 9463 2861 8648 2615 9812 8359 9699 4028 7844 2770 7382 6010 647 3876 1586 4994 783 8838 3884 6303 9231 6138 3049 3727 768 954 4564 9229 2337 
24 2114 9767 7784 1273 5217 5590 6137 9260 8892 5186 1603 9826 4664 8283 5005 7443 8518 6323 5028 3597 9081 3122 4602 5275 
26 402 9783 3001 3985 828 1931 3889 7811 8654 8818 2976 1835 7241 4363 7248 6634 2938 8221 5193 5820 2222 2967 3877 7680 3057 8402 
26 2501 8898 6136 5447 7075 5983 2464 9483 6328 6218 60 591 5736 3344 8976 4035 3371 8821 75 7053 3322 1619 1505 6377 3102 8816 
25 2038 8943 1987 485 2204 8530 8669 8920 2333 4360 2624 3627 5278 5456 4415 4332 3702 8703 8317 7675 7613 9004 465 6751 9813 
30 5647 4640 1573 5157 6451 5444 8235 9336 5661 2082 4629 2772 9816 5993 638 8103 3734 4595 6040 6785 887 4718 6880 9406 1169 5789 310 5354 6460 8135 
35 3872 467 8492 2131 6771 2203 734 4770 2125 5962 9634 5149 2894 9741 1583 9632 1834 1120 487 6960 5370 192 1277 6713 1135 5380 1121 4264 3493 9082 4992 5031 618 2742 5360 
28 1235 2555 7338 7189 3885 1097 9770 1997 8925 3222 9400 7101 1234 6891 5579 3335 5414 7282 5075 1221 3819 2886 2009 7795 89 5296 1396 420 
25 2651 9933 3550 3736 2728 6688 7136 5445 7090 1056 1054 7449 4262 7748 5172 36 3013 3091 7794 4917 5839 79 5812 4293 9861 
23 8141 95 1105 3175 2640 3648 3359 7565 8975 7269 8337 6523 8556 9817 6975 411 362 7778 5190 2388 9819 6159 3029 
28 7418 6060 6605 4422 6836 9293 431 7625 9648 2912 6565 2301 9287 8689 4256 7511 5916 4213 5846 9694 2320 1328 4862 2537 5931 9893 5082 1877 
23 5904 6849 7932 4705 6166 489 9243 3255 6348 7906 9577 8006 6881 6735 8253 346 3607 6855 8465 1066 7894 8497 8380 
36 5303 2294 8915 193 1371 9294 5339 867 4234 8535 8675 6791 1723 5291 7686 6134 9326 9203 8207 6540 6658 6364 8153 9067 7629 9605 7550 4845 3870 2375 7570 1194 9179 7094 5361 4182 
29 2104 6861 7803 1649 1498 7852 6566 2381 1320 106 8812 5694 6742 9401 3415 1815 9124 78 2681 5572 8952 318 1252 3535 7885 8130 8955 7517 7708 
29 1208 4949 2457 2159 6401 3629 8248 8057 8767 7850 994 9975 696 1089 9044 4980 4458 5026 740 8179 5996 9083 4833 845 5096 4623 6631 8791 4490 
31 7614 5263 8442 7088 1170 877 6117 1509 7082 572 9097 94 5765 961 549 7978 5588 1927 1350 384 8663 8907 7475 5191 8506 7673 354 2273 5516 6761 5232 
24 3732 8969 3937 203 2694 706 6128 5514 4452 7216 3014 1900 9758 6572 7150 1178 8230 5582 9536 1955 8129 5027 1788 5854 
29 1184 6793 4211 8119 6162 1542 2230 2303 9413 9013 5493 4650 7902 2141 6962 1502 6747 4793 2509 5746 2922 5458 8312 9101 5644 7390 2099 878 689 
28 9528 4362 3690 3697 4368 9614 5368 3522 9491 3757 4488 8064 7840 2458 9444 1745 688 929 9317 2005 595 3074 4914 6106 9792 3169 8243 92 
21 9970 6936 6779 4514 9541 6767 4659 8154 3582 1796 4132 4159 9726 1785 1527 6116 1339 7623 9493 3007 3851 
26 9839 9496 8997 6408 7729 7077 6102 6655 2872 7030 3799 6286 5060 2518 5080 7454 3114 9068 8106 9474 3967 223 6755 3958 7903 2106 
23 7024 9804 4097 9007 5838 5707 2321 3382 1518 767 3495 2864 3131 2881 7476 3357 1507 5610 6464 7321 987 5637 2579 
33 3465 3121 3166 5302 5989 5207 8783 1 6901 6557 4567 9658 6919 3476 172 9021 9716 3601 7419 8967 1514 2758 8352 5688 2613 2362 4137 4058 8275 6719 1859 4437 3173 
40 3537 3938 6541 5725 7733 3116 7954 2109 3159 5845 9277 1484 5023 2042 1765 5423 8278 5283 18 390 1818 8979 894 4076 697 8134 1712 9252 1600 1347 9951 9947 1392 5532 3993 1335 9660 2278 9269 9525 
41 2943 3087 9270 3401 8515 7579 6896 9517 782 9869 1843 4525 510 6982 5451 417 2126 499 4877 2208 6419 4150 917 69 5344 9009 3869 4497 3053 7576 6623 9601 1330 8596 5130 5135 9790 2292 7331 9891 2444 
29 1070 3832 5946 2164 3270 7256 8725 9128 9775 2330 7846 4642 6236 2580 4892 648 176 3043 2221 6797 9040 5810 5230 9650 5776 9603 974 121 220 
25 2633 3748 1541 3643 3073 1163 2533 7703 4447 7760 7996 4347 133 6193 5918 190 1333 667 7554 859 1470 7691 8068 8835 916 
42 4712 902 3888 3719 1158 4230 3063 3462 8420 9105 2063 3964 9234 302 7658 6268 8739 1936 6228 5653 3302 8913 3635 2563 4493 8085 2414 2696 6261 3278 4614 5862 5299 6270 4686 4027 1711 5578 6526 3153 2309 3452 
36 2400 8063 8385 4950 6602 8162 3618 7122 4977 9722 6229 6789 8457 5799 606 2652 8631 4627 3327 4885 3940 6889 4656 2112 5402 9434 5865 9035 5449 7149 8810 3078 148 8542 756 3300 
30 8863 9198 2950 538 8588 6959 3780 21 840 9137 1083 9372 2150 7043 2122 2262 7642 846 391 3072 6642 6035 6244 4316 4252 5432 9464 3606 6447 8225 
29 764 9870 4169 1501 2803 7306 3240 154 8372 8376 1210 2692 4876 5313 424 6173 1143 7089 4788 1138 9151 5943 4438 3626 2401 9393 3749 4908 5676 
25 4709 1316 2274 5923 6693 6939 8367 8116 7394 3449 4108 1462 9282 627 1940 6608 6251 8091 7583 4886 4560 8651 7872 338 7303 
34 9055 6047 984 4816 9254 4916 6158 3499 3312 4096 6179 5228 3556 993 9352 5530 9948 3829 29 6953 9205 5770 5619 2080 3200 5955 3758 3482 9762 1231 8622 7687 1996 347 
28 3409 8697 3324 8239 2688 1879 6118 2735 765 7133 6382 1384 6495 3251 8294 5334 2316 1214 8650 4348 3576 7081 8769 5689 2184 8744 2263 4094 
24 3301 4539 9292 2397 7901 2701 10 1894 232 6202 4848 6884 4430 6216 9798 1920 7572 2631 9037 9735 7060 5365 4943 3178 
27 9216 3836 2708 1528 3660 9320 5546 5481 8758 2794 4829 7718 9369 7720 437 99 7712 9388 4919 7159 5170 4909 4644 1772 200 9627 2366 
29 1950 8561 5018 9814 4357 7300 7841 2023 8598 2372 1833 712 6720 3552 8923 7263 1761 2494 5464 7962 1482 5921 4176 2143 2784 9972 7607 6510 4410 
27 6009 9017 1935 7911 5371 4303 6384 5927 1363 1233 8112 262 3706 6331 5004 8940 5425 3421 6687 2396 2590 9595 6657 6796 9704 7568 8027 
21 876 124 3942 6781 8083 6894 8715 5286 7297 3134 3472 393 8202 6787 2755 5073 1390 4071 1504 8264 6697 
27 4719 3435 6434 7259 6674 5224 2360 8572 1561 6739 1989 8935 5270 644 3269 6832 6519 1391 1752 9928 6974 5632 7301 8172 3099 5594 552 
22 2220 3182 6062 5015 5160 2012 2884 9944 6327 8190 6237 3561 2687 5467 8098 3181 3637 2265 7654 4089 7450 555 
24 5919 646 4526 6744 2086 2600 6335 1967 3518 4948 5067 4818 4381 4041 6651 8149 1025 3905 9088 7388 3797 1477 3436 43 
34 7138 9146 2940 6821 8503 299 3809 3213 65 9375 4001 8527 7939 166 7668 6416 4000 1837 7111 5660 1892 8781 7188 9559 6343 4930 8219 1311 2506 2431 6439 1919 5587 5122 
22 4171 6654 7337 2188 6829 3783 6294 1969 2682 61 199 4181 9255 6630 3673 1694 6058 2998 5453 6252 8859 5956 
36 2175 7464 8105 2345 5165 4733 1457 1349 6386 3390 7224 1924 2828 3816 8564 8802 1395 4315 4723 8042 8175 9076 7879 5592 9558 1127 6020 5559 5880 2068 4616 8755 3721 649 6784 2182 
38 5630 3698 7177 6368 1683 5900 3039 9883 2461 5009 2617 8319 7578 8723 5914 3555 527 7037 4955 7195 6196 4139 8823 426 3667 6273 460 6291 905 776 2931 4377 4147 6583 7349 5282 6211 3891 
33 3941 945 444 5850 8441 8875 7054 9056 9742 4290 1016 289 865 8133 3540 4532 2669 1207 9155 4472 544 6314 7211 1971 8768 7522 3578 5625 2169 1742 1606 6727 243 
26 2548 5113 5658 5430 625 3978 7353 3726 5147 2924 4620 4217 7217 3707 8701 2746 3574 3024 3741 4515 1525 8089 7870 8799 8032 2355 
36 7074 7038 5785 8200 5287 9607 6480 6672 1474 7209 3041 4266 6444 5395 1418 629 1307 1512 8171 5318 4863 2359 9851 291 5769 284 7164 4690 2000 7221 1753 355 4020 1749 1614 4533 
27 9344 1399 9690 3859 4619 1839 3588 353 2738 102 1548 6505 1863 8192 6298 5074 7886 3208 8231 2868 3062 8425 8013 3866 4214 3277 8180 
28 4869 3 8354 6732 212 3957 1362 4692 8819 8396 6194 4704 8478 1464 4494 5761 890 24 4391 2190 4164 8300 7478 1510 662 135 174 7425 
31 2829 9147 3467 8645 5721 357 3801 1890 2741 1192 8946 448 5940 8435 3003 4781 5448 9539 5596 8195 4463 231 651 5090 1535 5861 5696 3216 7779 5233 701 
28 2763 525 6584 5376 7561 5792 1358 8160 1908 9002 8513 1760 7933 9135 8470 9285 253 3235 295 4599 1534 1591 8102 8044 5010 5531 6080 5171 
30 719 838 501 4823 4007 612 1516 5841 9443 4088 8403 4681 4547 4970 5743 7348 19 4114 2945 3908 2628 3188 9781 680 1945 9645 700 9769 6750 8178 
32 8914 1771 9657 1148 2797 2489 2547 9740 2090 1998 1637 1115 950 695 6874 2944 5209 6392 3835 8942 8120 1153 2170 7819 3592 9638 9749 3882 7976 9462 2891 5513 
27 3037 7746 5320 7405 481 6527 9075 4394 7110 8978 1227 9977 6203 3599 1735 8522 6910 8529 397 4301 8776 3633 2160 5815 8084 4940 7056 
25 1400 1446 6863 3486 3474 4679 7696 1301 8706 7287 824 7664 2879 4374 8964 5959 2499 7514 6275 7968 98 235 4487 1595 3034 
27 3536 6217 8036 4162 6731 4361 6902 746 8724 8851 7308 5387 4779 5891 8945 4830 4128 1944 7288 6071 1854 1171 5244 7582 8307 6110 7815 
19 5567 7551 8710 3056 2350 2156 4871 3370 2137 3191 5446 9878 9549 1011 4606 6142 1280 1699 6555 
34 769 7198 1246 7052 2880 8170 6950 8422 187 6877 6991 8777 5408 2015 9370 1125 3353 5864 9038 988 7253 1420 8151 6987 686 1560 3963 3933 632 4365 7380 3686 9965 7359 
22 1766 7646 3598 7375 611 3455 2213 6320 576 307 480 2459 1608 9979 3897 2751 1034 58 5399 3259 6141 1181 
38 9986 9619 7371 2815 4807 6483 9249 6120 7594 3619 1867 5455 3954 4551 2306 7507 9314 6879 5105 8348 4186 300 9564 2811 2181 4499 3403 423 5131 322 1175 7350 6436 2982 9006 6989 4215 8124 
28 2248 9174 685 3035 8661 9529 4136 4548 2973 8594 3943 2052 1361 4722 9366 7304 9547 903 4077 4051 3237 609 9195 7279 2907 8464 1428 2417 
30 3995 3125 3162 9990 508 2654 273 239 2167 7128 1068 2032 6353 2848 8670 1713 8303 6135 2236 3354 5560 4512 5701 2239 9506 1604 8573 4355 1352 6646 
29 4598 6470 5663 2918 5580 2908 7877 4141 9912 4465 6204 2683 3484 6847 1816 9052 956 1532 3611 6281 6905 9054 4753 9064 7950 3794 5813 1705 4375 
32 1132 7858 9316 7283 3966 8093 4498 1784 8732 1448 369 5204 9312 6892 3179 9451 2821 2422 9860 1904 8342 4253 5108 989 2712 7330 6909 687 1296 4653 5084 7533 
23 6115 1896 5460 5547 6592 6077 3614 1655 5970 7339 1424 3205 570 6757 3395 3470 1538 6678 8318 4270 1613 3600 6552 
32 9710 6548 6776 1569 8760 8131 6885 3833 7415 7781 2521 5032 9691 5793 296 2567 9246 8270 8291 5863 4556 9999 3935 7666 1520 5330 3907 5486 2934 1129 469 1714 
23 7907 2622 4060 8986 9240 9315 5372 2412 210 7250 7002 7203 62 3585 3418 9754 9903 4167 7945 6157 9561 3624 1902 
19 3254 6860 2001 8814 1255 6792 1939 8686 2602 6068 3934 2314 1369 2946 9299 7530 5928 793 6670 
27 6125 7547 6723 9876 4045 868 2762 9415 2707 2319 3363 7187 3735 7497 1182 1821 2809 1332 3399 577 1198 4578 9118 3714 5816 7591 699 
27 1690 9865 5076 9073 2493 5007 1187 1889 2196 6854 533 378 9215 5328 761 3689 5622 6175 7157 6810 1517 5266 714 9152 5798 3855 7692 
38 4244 7982 4971 3471 2171 1793 8646 7797 134 2532 9079 5338 8280 6537 7294 3971 8176 1653 1831 8828 7451 8638 3042 1174 4335 439 2211 8429 2947 2564 816 7734 748 5583 8933 6032 5418 5536 
33 707 1452 3848 3383 9797 2913 9731 6675 156 4849 1021 803 5327 5968 6590 3372 3990 691 7763 1412 3694 7332 6037 8183 298 4926 3789 6802 639 514 2520 1442 7100 
27 3725 8756 8623 108 5818 4562 4873 1999 234 6367 539 9888 7974 5427 3079 233 3793 7871 1775 9376 2108 1787 6070 5828 9150 2955 1905 
